Size = 100 
Clusters = 180 
48	55	0
30	74	32
0	60	17
75	21	13
13	37	43
89	99	13
18	42	47
57	53	66
61	10	61
56	47	1
17	61	30
81	67	37
10	97	71
41	23	80
95	61	11
79	42	51
38	91	15
1	83	72
50	75	32
41	92	83
53	0	48
13	85	25
14	87	83
55	8	39
88	5	75
63	66	57
12	4	58
79	46	47
52	88	93
0	13	56
68	55	81
29	77	14
52	63	85
0	18	10
7	75	45
36	4	9
7	33	65
42	13	21
46	76	43
62	87	66
13	21	6
73	80	53
66	1	32
9	95	44
4	81	92
34	13	17
92	38	6
18	75	83
65	71	19
35	91	72
27	18	28
73	37	15
68	13	15
59	75	17
0	18	66
81	81	13
48	2	25
99	74	75
1	99	4
86	15	42
47	55	43
29	10	96
90	32	35
81	16	67
82	84	76
56	97	3
16	15	24
95	9	20
16	93	24
7	72	59
32	37	63
56	32	87
20	23	67
62	53	10
67	8	19
1	64	48
28	98	28
1	70	91
49	81	1
76	81	35
77	63	20
78	50	12
83	45	87
95	9	34
11	82	35
18	89	7
64	88	94
96	7	20
72	39	74
99	14	54
40	16	86
40	55	17
32	45	46
77	49	97
28	7	77
70	99	80
22	74	25
33	66	39
57	75	89
38	35	5
99	76	2
65	64	0
8827	0011010000100010100011101111110010000101010010110011111100110100101001011011111010000001011110101000
2982	1000011110010011001011111001100010000110111110100101000101010110111111101111100011010110101111110011
8248	1110100010000111000111011011100110011011100010111001001000101011111001000101111010010011110010000100
3927	0010000001010010010000010011110101011101001101001100010000001011110100000110000111110101111100000110
9883	1000100011100111100111110111011010101101010111110001110000001110101010100110111010010110111001010000
4367	1101010011011101111001011101100011101101010001001111100010101001100001110000101000010011100010011101
7768	1111001011000111100101101100010000011110111000000101000110010111010111101011110010010101011100011000
658	1101000011111111100001000101011100101100001011011100000001111000010101001000110000000000010001010011
933	0111100000111000110010000000011010111010011101000111010100001001010111011111101011000100110100100011
3070	1101010001111011010100111011001000000011100000000011111010101101011011011001010000100001011010110110
2951	0101001010001110110010000000101111100100101000111010111011000110111101101101000110100110000000000010
5278	0010111101000100000110010111010101000100001100001010111011011010000001010001001000101111101100111001
9616	1111100100110010100110010110001001010010100100001010001111100000111111001100100001000011001100011101
4912	0110010010010100111100101110100111000111000010111110000000000110001100101000011100110001111000001010
107	1010000000111111001110101111011011001101000110111010001000100000001011100011001000110101101100011011
4642	1110011111101101110101001000100100000111101100011111000000101010000110110001001101001010001100100010
2124	0001010111010001111101110010111100011001001111001011111110001010111101100101001011000001100010100000
7391	0001001101001010100111100110001011000101000001111010001001101111100111110001100001110111011010110000
6002	0110100101111001110110101000111011100000010100111111011100110010100000100010110111110010001000011100
9916	1011100011000111000100111110010001110100100100010010111001111111100101000011101010001100000111011010
2371	1001100001011111001110100000101011110010100111011010100001101011000110001100100110010000001001010010
2905	1101111001100011100000010111111011010000011000100101010111000001010000111011000010111001000000100100
8437	1011101010000111100010100000000001011100010010111011001011100000101111110011011111111110101001101101
3721	0100011011010011011110111000111100100100101000100100011000001110010000111011110101110100001000011111
5277	0010100110101011101000000001100000100111100010101111000001111101010010000001011101011100000110101100
8721	1110011111101111110110010010001010110110011010111100101010100101000010100100010101010111111010111101
9875	0100100111101000111011110101111101111010100011001110100110011100000011101001101001110101111001010111
6149	1000010111000011111000000100011110111010100100010100010110000011110001000011001001100010110110100010
184	0101010101000000010101011000010000101001011010110011101000110011111101000111111011000100100000110100
1156	0011101000110010001111000001100110000100001111111101000110110011100111111000110000010111100010001111
2317	0100000011100101000101000110000101111000101010101000010101011101110010000101110010011101001101001010
8607	0001011111101101011101011011010001011101010110010110011010010110001110000001001010000011011100100010
6695	0010110111010101110101100000010011011111001111000010010000101110100001010100000110101010011110101100
6638	0011010101000101100011010111010000001110100100100101010001111110111001111011101000101000001001101101
3325	1010001011000010010000010100100000111011100011110001111010000101011110001010001100110011011101100111
5824	1001100111001100111110101100000100010101001000110100001010110100001000001111101000111001010110110011
8521	1001100110101111001101011001001010100001111101100111100111000011011000000001110011101001001101001000
1565	0110011100010001010111011010110101110010000101101010000110001110011110001100101011001001001101111010
4620	1111111110001101001011100011010101001001100101000111100010100000000011001000111010000001100100100100
3709	1110001011111001111000110001101110100111111000011110010100101010101100110010001001110000000000100101
8974	1001000100110110111101000110010111101000011010001100000111100001111010111000100100100100111100111000
5781	0100100011011110111000010000110111000101101110111011110010001011100000011101010101111110111100000010
5891	0000111011001000001000000100000101010001101100010011100001110110000001110110011011101010111011001100
363	1010101011001110110101111100101000000110010000001000010010101000011100001001110100111101001000110010
6165	0010000001001000100011010011010011011100001000100001100111100100011011101010000001011101001010100001
8821	0100000010101110101011010000000010111111000101100000110100010101111101001111101011011111111010000000
8210	1010010101110011100101100111101111100001100101101101011000011101110100110100001011111000111100111001
2674	1111001000010110011101010011011110000011110100000110111001110010100010000110011100101011100001111100
4344	0110000011000100000101100010000111001000100101110100111110001000101001001111111010000110001110111110
9898	1111010100010101100000000001110110010001110100110010011100000010011001111010010010100101101000101100
7807	1101101111101100101101100101110101010110110010101100011000011111000010000100111011000001010100100010
5348	0100010001111010100101100001010101010100111110001111100111000001101101101011100111110000111111001000
940	1011000011101011111011010000100101001000000000011111001111011101101011100011100010000001111110110100
1410	1011011011100111101001100100111000001100010100010101110000100011111001111100110100110111001101110001
1392	1100001100110101100011101000110101100001111110101111111000010010011011010110001101000101010111010001
4799	0001011010100101011010000011000001010000001111011110011110110001100110000101001010101001000110001011
1891	1000010011101100011001001110010000010001011100111111001101001011101110011100000010011101101000100001
2756	0000001001000111010010100001000010110110010000000100111011010111001110001110111000110100110001010110
1004	0100010101111000100110100000110011001101100010001111101110110001110010010011011001001100001010000001
7520	1101111101011001100000000101001110110100100011010100100111101011000000110111001111110111011111101000
8868	1111110110100001100101011100101011101110110100010011010011000010111001100101100010101011010101111010
733	1001000001010110101101001010010101010110001100110001011110111111100111010110110101001111100110110110
2783	1011010011011100100010011000000010011110001001111100010101011111111100011010001000010011100010001001
4298	1110100101001001110001011110000101111001100110010110100000111101011100101010001010100101011110010101
3549	0011000101011100101000001000111111011001010010101001110000001110101011100110010101001111011111111000
4221	1111010011000011000011101011001101011001011001000000011100011001001010110001101010001111000111010001
3372	0100111011011011101111110001001000001110111010000010111110100010010110110110110010001001101001110100
328	0011001101010111101010000010011011000100000011010111100011100011000011001001011100001111010000100000
407	1010111011101001101110010101011011101001001011111010011110010100010101111110111011000110100101010010
2627	0000110010100101100110011100101010100001111110101111101100101111001111011100000010000101101110110011
3255	0100000010100110010101010011011000000001111101000100111001110101110100001011011110010000011100110011
7679	1000111110101101000110100101000001110011110110001010101000001110010000110111011011011110001010010000
8890	0001100011011010011010100111011011100011011001000111101111000011001001110000001110100001010111110101
2758	0011000000100011011110110100010001000111110011001100010011111000001011110001011011101111010000101110
6259	1110001101010101100000010000101010011001111110010010001000100001110010100000101110110111000100101110
1879	1100011000101011111101101101110111010100011010110111000000101010101010110011100000010011000100011101
1635	0011000010000010001011001011100010001110110111000011110111100000100111011000000111110000100110101010
661	1011111110000110001010100000111011100111110001010101000001100011100100111101011111111011110000000000
697	0010100110001010111100000011100001111110010011110010010111000101000001010000000001001111001001110001
1195	1010100011001001100010001011101001000001110000000000011011101000010011010001010110000111011101011111
9938	1110101111110101000110110000111000011010101000110101101000010001001101000001100101011111111111110010
2464	1100111111110101000111101001001000001110110100110100101010011111100101010010010010100010111010111101
6922	1111111100101010100001100011011110100101100100101111001001000001011110011000111100010111110000010000
3149	0001100011010011010101111001011100111110110010110001100111100010010010000000000111000010101101000111
9752	0001000011000101010010100011010000000001101101101111101011010110110101011001001100101111011111111001
9240	1100101000111101101010100100111001111000001011101110001111111100101111010111101111000110000001010010
150	1010001000001011101001001011101110001011010110000111000111011011100100111100000000111000011010000010
6415	1000001010000010000010100100101000011111000110011101010000011010010010111100111000101011010101100000
1377	1110000001010011011110110110110001110110011010010001100000100111010011010111110101101010101100100001
9300	0000101101011000001101011010011011000000110101101110011000001011001010011101001011000100011100011001
5918	0011110010001010011000110010001010011110011001100011110011111001110110011010011011001101100000101011
5824	0011010010001001000010001001011000110011111101100011101101101000000110101111010110011111101001010010
317	0010001001010110111111001111101111011111101000010011100110111100111010100001101001100001011100000000
1253	0010111100111100110000110110001010010101011110101100110011110000100101010011110000001110100100101110
5062	1100011010110010110000010000010100001100100001101000100110010101101000111101010011100000000011001110
2035	1001010010001001100100011110001100001111011000000110010000101000100011010100111101000101111101100110
165	0110100100101101011001001100001000011001011111001001011101011101110001110110000101110010101010110101
780	0110110111101001010100110010010100011111101101000100001000111110000111000110010101010110001000011110
1582	0011011011110000010100000001111010101000011111011111100000010010100010001100101101011110101001101100
5301	0111101100000000001111011100111000110001101000110010000001000100110000010100111110101110011110011111
940	1100100110011111000100110100001001111010000010000101111110001001101011001111011010001111011010001010
1514	0110110001000000100001100011100101001011111101010110100100110101100101110011001001010000001100001000
3474	0010110001100110001011010110110111110011100100110000010011110011011011001100000001100111010100101111
9776	0000000011001001101100110110000100111111000111111000011101011010001110100010111010011001000010111111
5635	0100011001001000100001100000101100010011111010101110111111000001110101011100001000001010101101000011
8696	0101001110101000011001010001111001011000000010111011010100000000000110100011010101111001011000011010
6240	0001000010011111010001010101101010111100000100010100100111010110000110011010111110000001010011000001
5659	1010011010100110110010101100010010000110001010011000101010101001111011110011111110000001000000110010
1617	0111101000010100100001000101011110010110000010110101011111110010100011000110001000101100100010000111
4296	0001100010001111010001101111110100001000111010010110010100000011110011110010111010100000000111110011
6842	1100111110001010011110000000100010101010110111001100000110100100110111011011101101100110101011010101
2244	0010101101010000010111011001010010010111100011110001010110000011111010111010111000100000000011100110
8994	0100011000100011111101111000000000101010111010101011001101110111011011000111001001011111101101001101
2090	1000001110001110001100111111110110100101011110101011011111100000110101110001110110110000000100000011
7180	0100000001001000110101010100110000000011010010100010101110100110100111101110100011011000101010111010
2545	0010100110001110100001111011100011110111001100000111100100000011011010111100101011001001110000001010
4479	1011011111101000000011101001100101011101010110010100001010100111101011001000011101101110000001100001
1122	0101100000110111010001100100101010101001001111100011100010000100110111000100100110000110011011110100
4416	1010110111001100000010100100110010000011100100110111011111010001110100010101010101101000011001000001
8098	0100000100100010011110111011000010000111000001000100010100010101100011000000001000110110110001101010
9918	1000100101001111000100101010111001101001101110100100001010011001001010001011010010011111011001100111
3082	1111001110001000101010000011000100011010000001111111000001011011001100101011111101100011010101100001
9359	0101011110100100111110010001100101101000001001111011000000100010011110011101111011001000101010111100
2939	1101000010110010000111000100011001100110110001010011111000010001111001111011011110111010111100100001
4011	0001111000011101111000101000111110111001111110111010111001001001011011101100110100010111100000100011
3108	1101101010001111001111000111111100000000100001100101111010101101010000010000010110001011110001000001
3642	0011100100111100110011010111010101011000000100111011011110111101011101100101110101011110010100001010
5328	0110101001110000110011110101110100100011110001010010110110010001010101011000011110110011111001000101
5943	1111000000000000111000000101010101100110011011011011111010000101001010110111001110100100001001000110
8035	0011111101001000000110101011001100111101101101001011000010110100100000010000001011111001011111000000
7962	0100011010100111011011000100011001000011011000011110001000101010000010001001010000010110000110000001
2401	1101110100111100001000001100110010111100100111001000010100011000100101100100111011001111010111111111
4367	0111110011011000001010010111000011010101111110110101011011000010101111011111100001010000010001001110
8634	0010110111010111100111000010001001011011111001000010110001110011011000011000010000001010111001110000
6580	0010011101100101011011010001100011011010010010101110000001010000101101100101001011001001000011110010
1848	1010110010001110111011010100011011101000000111101000110101100100010011100000011001010101111100100110
8319	0001010100000111010001110001100011110110101000101110001111010000000101110100010110010110001110001010
1124	1000110011001100001110100101011100101010100101001001011001100100010111100111001110011110010001010011
7601	0000001101011111100110000110000110100001100101111010011110111000001000101111011110010001001110010100
1328	1000001000011101000001110110110110010100111010001001111111110111111001010001110001101110100001010000
2248	0010111011111011101100100010010010111010001010001010010000011011100000000001011001011111010000001001
8341	1101001000111100111011011010110001100111101101010000000110100111101000010010111111111110010100101100
4652	0100110110011101111111000011001111010011011111001111111100001001110101111100111100011111110100010001
2503	0110100111110010010010100010100001101011111100001100001000001111010000100110101110010000000000001111
1296	0110110010100101100010110010000001111101000110000111110001101100011000110010110100101111100011001110
4143	1101010011000110110001111010001110000111101110110000110110100101011111011001010001011001101011111000
300	1111111001110101011001111111110001001010011010011000101100010110001011001010001010100110000011010101
2087	0111110010001110101111001010100001001101001001101011001101011111010010000100000111110100001101001000
4105	1111101100001011001101111010101000011000111000111101110100011000000011101000001001111111100000110010
7609	1110011111010000000111010010000011010001000000010100111001011010101011001011001001010111110100111111
4324	0100001010001000011110100010100010000001011001111110001001011001101000110100011011111000100001111111
4017	1011101011011001100111110000000011000011001101011101000110101001100100011001101110011110100101001010
2324	1011101001111100010001110100010001111110010000100010000011000011001100111011111110110001001000001010
9966	1111001101010111100100011110010000110010110111111001010100101001010010010011011010100101000001101110
5657	0011001101111000001110101110101010100110111000101100000000110011101100001000101001011111010011001101
3466	1101011000000010000101100001101101101100010110100010000011011100011100110101100010010000000101001100
2742	1000010110011110101010000110010100011001001110000001011011101100101101110101001110110111010111000101
370	1111101010110001000010001101001100101100111111101100010010001101001010111001011110000110000100001000
2820	1011011100000000000011101000000010100100010111010100101101000110110010110001011011110101000011011011
4027	0100000101111011001011001111000001101101010001100001001111111000000011100010000101000011111110010101
2746	1000011010010001100000111010010001100001000000100100110110011010111111011000101111010100110010011000
6697	0101111101011110001010011011010011010001000110110101001001101100010100100101100010000111010011110110
5944	0111000111110100011000100111110000010111100000011111010101010011101101111101100111011011000101111000
4307	0010110101111011100101100001010111110111011110101101110110111000001001101101011100111100001101010001
7177	0110111001001100000000001111100111100111001100011101001100000001000010101010011011100000101111010110
2538	1101000010011111101011000011101011110111100110100001100001110000101101111011000110010101011100101100
2614	0001000001011011111000101111100000100001101111011100011001110011111001101000001001111001111111110111
5919	0101001011101011001001000000110000110110001111111010110100110010010000011111110110101000001111010001
5752	1100011111011010011110100010101001011101100000101111100001001001011100001011110101000110110101011010
3169	0011000101010010011010111011111011000101110011010010100001011100000101010010010100000100101001011110
5534	0110011101010101000110011000110101010010010110011101101001100110100001001101000100111111000001010100
2300	0001101011100001101000011100101010010110111111111111101001011101011011110001000011011011001101110101
208	0111001110011001011001110110000100000100110111000100101001011011100000011010110111101001110000111110
5092	0001010000000110101010010101010110111010001010111010000101100011001100111110011101100011000010110111
3639	1011101111011011111010100011101111111110001100101010101011101100010100000110010000000101011011010001
6059	0010010111001001000011001001011111011110000000011100011000100000111111001001100101100111001100001100
5251	0110011000100111100010100110001100100101110010010100001011010001101101001001101001100000111000100101
8520	0011100111011110010000101010101110011110110001111110001010000100010111110110011010100001111000001111
8659	1011111000010100000010010100101000000111100111101011000111100001111111100100100011010011110001110111
1350	0101010111100111100010000101010100100011000101111010111110011110111010000110101111000000011110011100
