Size = 100 
Clusters = 161 
62	83	0
75	64	40
28	46	37
22	43	23
76	53	3
14	57	3
94	26	28
94	30	74
5	94	10
61	25	40
82	2	73
21	37	31
70	66	1
51	33	34
62	81	62
44	90	57
41	4	31
45	75	29
6	35	74
86	91	8
71	35	90
41	43	10
14	44	9
90	70	76
29	11	4
2	59	8
81	95	89
19	91	80
0	12	85
87	66	91
57	84	73
23	10	25
75	57	71
34	91	90
20	17	77
55	44	55
85	73	34
62	61	48
31	11	19
32	50	2
79	74	52
65	3	7
54	77	85
10	47	71
67	98	32
50	58	76
0	16	63
46	58	16
45	15	30
7	38	61
19	75	2
98	57	93
97	50	15
27	77	97
14	33	57
87	20	29
93	14	53
44	16	88
29	94	95
35	13	57
5	54	69
20	84	39
89	47	42
98	82	44
25	81	51
51	92	27
1	57	87
46	32	47
50	37	54
85	4	19
4	2	50
94	43	69
55	79	25
75	5	79
80	21	48
99	22	74
54	57	66
27	30	86
63	72	58
74	81	40
74	16	58
7	0	9
49	32	4
96	5	6
3	70	16
92	33	62
17	29	74
0	75	1
40	19	93
95	70	18
87	66	81
74	19	76
11	24	87
25	57	42
21	6	85
8	58	23
27	77	41
41	32	79
5	45	11
81	34	35
82	80	79
88	96	0
3216	0100100111001000000010000110100101000011100101100110100000101101011100001101011010000001100001100111
2206	1010001001100011100110111110101101011101111100010000000011000001101100001110000100100010101100001110
7807	0010101010001001100001100000101000100000101011100110101000111100100000100011001001010110000011010111
276	0111001010011110000111100110000011001000011000011010011111100101001011000110011110001100110101110011
3322	1110110101100101010100000100000010100011100010100001110110010100010111001011000111000010100111001101
7966	0001001000111000100110000111101101101101110000111001110000100110000011001011011111111010011110110000
9703	0001011000000011110000111100001100001111111110110001010010010011010001111110110010010111100100000010
1275	1010101100111000110110011111111110111111100110010110010000111100001011000101000001111011110011000011
8383	1101101101001111011101011010010010101101001001100010011101101001000010100111010101100101100001101111
272	1001111101011000110011111100111011101011111001011000110001101101101001110001011110101111000110011100
4894	1100010101010101101011011000011001000001000111011100011011101100000101001001001101010111111010010000
1796	1010100001101001100101100100010000111000111100011110101000001010101011010011001001100000110111011001
3145	0111111111100010011000111001001111100101000011100001101011100100111100001000100011111010101010100111
3919	1011011101100111001110100011101101001100110110110011000100011110001101101100001110110010010100000011
7145	0101100001100010110101010001110001011111110111111101001110100001010010110111110100010100110010010010
3686	0100110111100011001100010111101111011111110001111111000111010000111110000100111111100100001000100100
960	0011111000101001100110010000000000101101000001001001100000100001000111011101000100110001000011010101
8879	0010111001110110101111000010111011010010110010100010000010111011110011111011001001000111110110001000
8263	1110011110001011110000111011101010110111111110001001001110010011000001000100111111001000101110101100
1599	0000110011101010111010010011110110000011011100101111111101001100101001011010110110111111110000110001
3247	1111100110000001001010001101100111011101011111000001010110010110110100111101010110111001101011110000
7984	0110110001010010101010001000010001101111011110001001010010010010000000100000011110000110010000111101
5903	1111000001000001111011000000011010111101111110010001110010010001001011000100101000101000111101111011
815	1010011001111100011011100100001000001011101000011111001101000101011010000011011000110000011110101110
2424	1111110111100100000111101111100011011100001111011010101000111110100111100111111000110010110110101001
5446	0111101010011100001001110000001001101011111010101110001001110000000100000000100111101000001010101011
6093	0001010000010101110110111000000100111001010111010110000111000111001010100010100000011001101010110001
8233	0111100100011100100001001111101110111111100001110010110000101111011101101100011100100110001000110001
1030	1011000010000000000100011110100000000101000111010111010100111011111100100000001011000000010110101010
1832	0000100010111101010110010100010110111100110010000100110111011100110010100100010000111111010011101001
5823	0001110101010001101000100010000000110011011101010010111010011100000011100100110111100110110001010100
8055	0100111001110011001000001001010100011000101000111010001001100100100001010001111110010111100101101111
5971	0111101111000100011000010101011001110001001101000010101100011001010100100001101110011000110110000001
3063	1010000000011011011100001010011011000010000110001001000010110011101001111110111111001111111111010101
7306	1001111101110011110010100010101001101001110001011111111101011000011001011000000001011000110110001101
46	0001111011100111010000011001001110010100000001000111011000101000011001111000011010110010100110101100
9707	0001110110111011001010111000110110001101000001010100111111011000001101001000101101000110000110111111
3793	1011101011010110000000000010101101111010010110000100110101110100001000101110111111001110010111111110
530	1000101000010110001011010000011110010000000110101000110010101110010110111101111110101101110110011110
3570	1011101110101010011010100000101001110011000111010011110101001010010101000101110110001001110111011110
6689	0110000000000011011101101110101100000100101011111001011100000000010100001101011110001100011100110111
133	0111010010011111101110000010101100101001001101000011110100100011010010000011000011110100001111111010
6746	0101000001011110010111100101100101101111011011000111000110000100011110001010111001110101101000010001
3594	1011001001111111010001100001001000010111000000011001101001100001101010100000011010000101010000000111
3919	1000110011101110101011110110011111100010011011000001000011110000111100010110001011111110110000110100
1914	0110100111010010001001111111011100011001101001101110100000100101001100010001100001110010110110100110
4440	0000101111000001100010010000010011101111101000101110111101011101110000101111110010101101011001011111
8022	1000101110101111100001111011111100000101111111000010110010110110010101000100001101100001000111001011
915	0010011100001101110011111001010111000101100110011110100101001111001000101011011100110001101110001100
6219	1110101000110110000010010001000111100011010010110011100101101001000010010110000101000100011010001011
619	1110001011000011001101001011011110111010001000110111100011100000101111101111000101110000111101100000
6383	1110100001010110111110110000001011011011011110010000011011000111010100101011110100010110000110100000
8824	0011111101111011001001000111011011010100001011010010111001111011011110101110001010000101000001010000
5797	0000010011011100011111010001001011111011011010001010000010011101101100000000111011111101000111001111
465	0110010010110110101011101110010011111010000100001010110101110011111101001010100010110001001011110100
3711	0000001011010010100100001010000111011011111100110001001011010100010100010000101011011111101011000000
7377	0010111000110000011011001011011011101110011011111010000001000101010111001101011001010001010011000010
500	0111110000101111111100000011011101101001010110001100000100100001111100011000100110101101011000001111
7108	1001110010110001110111110101000111110100101010000000110101000110101011111010110001000010101110110111
5170	0110110001011110101101101010110011110000010100110001110111001000100010111101100110111010111100001011
5597	1100011010011110000000101101000010101010110111101100110000111000000000011110001101010101110111101101
5082	1100101000010011111011000011010010110001111000011100011001001111001110110010010110110010111010110110
3525	1010101111011010110010100101110100011000000010100100110101000100100100011101001001011000111001011100
1421	1011011001110001100111100010111000000001110010000000001010111110010110100001110100011011001000010111
9207	1101010111101010101111011000001001101010001001010000011001011110010001011001110110011110110100010100
9649	0100011100011110011101011110011000011000011000110100011100101011110011100100011111111000111010110110
6603	0110000110111111101110011010101000111100001001000111010110111011101111101110111100110010000000110011
4126	1011111001000011001111011011111010000011100111101010001110011010001001011101100000111111001010011101
413	0001010101111011110101110111001010001111111010110110000010011010110010101111000110011011011100111100
6706	1100001010001010111111101100100001000001111111010001011001000011100001011111101110111111000010100100
908	1001001001000001000100100110101101011110011000010010100010000001001110100010010110010111000101010010
3284	1001110010001011111011001110010111001101000010100011101101000110000011000110110101100110101111010010
6035	0101101101010010001110110000000000000111101100111110100111101010101011010010111011000000000010000010
1719	1010011101101100001001111101001100110010100000010010000011111100100101111010100000001101001100001000
6669	0000011100110000101101100001001101110011110001001010001010000010000100001110001000011010011111100011
6864	0101000001000000011010010101100010010100001000110001101010001100011111110111110100011011110111100100
3672	1000011110011011110100100011001100000000101011000100001000100110001100111111100100100100110011110010
2653	1101101111011100100110101001010010111000110110110011110010011011000101101111001100111100101000000001
6743	0100111101010111010111100111110100000111010101110101010010011010011010110001000101101010010011001000
5051	1001111000111000111000110110001101101111101100110010101011101110011110110010110101100001010000000010
2505	0101010101001100100111011110101010011010101011100000001100100001101111110011011110101011001100000111
2206	1011001010110101111111111000111100101000111111101101111011100001010001101011000001101101011011100111
6010	0111100100000110100010001001001101001000111101101111000100111110101010111111111100011000100001011000
1722	0011011111010001101110101010011101100001110110000011100100000011010010101010101010110100010011111110
9940	1111100100001110110010001001000000100110000000010011001000100001100000101010111100100000100110001011
5405	0001100001101011100110110111111001011111100000000100011110010000001001011111111110100001111110011101
5014	1101110001101101000101111111000101001101111000101001101101010000101111010011010001000001001111110011
1614	1000010101010001100011110011100001000100110011110100110100110111011101001110110101100010100001000110
4719	0000011110110100010111110011000000000001101011111011000011101001000101100001111111101000011011001111
7827	1001100001010100110010001011010101011000011011100110001011011101101100010110110100110000100001111111
4855	0010100111001010100110001100111011101010100110010110011010011000100000011111101111100100100110100110
3056	1101001110101110000110100001110011010100010101110100101000100110010110100111001010000100011001001000
5370	1101000110100010100101000101001010011111010000100000001001100010111001100100110100100101111010000011
7273	0110111100011000111010001011101010111110001000111010011010110011110000101001100001100110100100110010
4991	1001110001001111011100110100100001000110100101010111101110001000010000100011000010010101110000100001
1309	1111000100111011101011100011110111110000000000011110001111011001110010110011011010101110100001000110
9714	1101111011000111101010100111101101100101011110110010000100010100011101010011010011010110100001111010
6310	0001111000110011101011101010010110110101010000011010000010101010100010100011100001111010110011011000
1578	1000111110000111000110001011010100110110000110100001001100100010111010101011000101111011110010011111
4717	0100001000010111100011011100100111100011100001111100100110011010101010010010011010101000101110111101
1991	1100000001001111101011001101000011110011000011110100001111000110111111111110000100100110111001110011
9579	0101111011111010110101000011011010001111101111101011110110010110000001111111011111011101101000101110
2446	1000010101110000111000000001000101111010111111100110111111001011001100011110101010000001000110110100
5786	0101001001011010110011001101010000111001010111111110001110011110111001001000110001111001010111101101
7327	0000011110001000011011010111101100001000110001101101100110111010001000101001111001001011010110100001
8364	1010110010111110111001100100101011001111010100111110000101001010010000001110111011100110111001100110
6817	1011000110001010010101111010111001001010000100100010101110111100111110011010011011110111101110100000
5695	0101001001101111101000111010011101110110011111010011010101100110010100010111011000101001010010110111
4396	1011100111100011001100111110010100001011011101110110100001010101011001101001001110000111001100010111
8482	0001000110010110101011010001110011110100010110011000000101100110001100101010010011011100000000101101
495	1010011110101001110000111000011101110010001100000110101110100000000000001100000010000101001001111000
2511	1000010011101111110100010111011000001001100101110011000111111011111111100000001001011100010101000011
8939	1101110001111100010011100001100000100011110111000001011100110101100001111010010010110100011100011101
127	1110110111101110000110010110101011010111001110101001101010000101000011111101010001010101110101001011
5515	1110000001010000000011110010111000010001111010001000011100111000001010111101111011100101000000000100
87	1000011000000001010101100010000110100110111000000101100110001000110010101101001011011101111001101010
4990	0010100110000111011010010001101100001001010010101010011001011011101101111000111101100100000001011101
4049	0010010101101001000010100010001011010000001111010010110000010000010101000101101101101011011000100111
6246	1011011011010011100011111101101111011100100000000101001101110000010100101010111111101100110101000111
5589	1010100100010110000000100011111001100100101011000101101000001011010100111101110100101011101110101001
923	1111110111110010011010010101100011111001101101011011001000000011000000110110111111100100011010001000
1625	1001101000001100110110100111000101011011000010001110011001010101101100101111111110100011111110111010
1998	0110011000000100001000010110000100100110101111010000100101111100001101010001011010100011010010100110
5403	1000000011100111011001101111010101110001000100101010011001110101100111011100001111111101111110110010
7798	1110011111010001101000110010000011011001111010011110101111111001011110100010110001000100110011010110
4270	1111110010100000100110000111111011001100100010101111111010110010110010111011000001100001011011010101
5367	1001010000010100000100100101100010000011111010011111001100011001110101010100001011011111010110101111
1998	1011111001010100010011011110100000001011110000010001100001100100100000000101010110010000010101101001
2652	0001010011000010100100101000000100000001110011111000001101001000011110011001011100011001001010011111
813	0110110011100001100111111111101000110000000110000111011100101101101010010111000100011000110011001010
7439	1100000011110001111010101111000001111000101000010010001110001011000000101010010111100110110101100101
1795	1101010000001010101101110010010110001010101010110110100110101101000100000000101000001110100101100110
1905	0100110101010011000011100000110001001011110010110000111110101011101010011011110000000110110111001011
9555	0001101111100011010101100100001001101100010101001001011010000010011111111000001001110100010000101011
6926	0111100111110111111101111101100001111001001101000110110011100101110101011011001011011010100001111001
2301	0100100011010011011100100001100101101010110001000011111001100000001111100010100000011001110011100011
2605	0100100011111010110010110100010111001010010100001110000001111100010110101110011110101101011010111011
4062	0111101010111011000010010011011100100010010011010001010010100110111011111000111110000110100001011110
4829	0011101110100001101010100000001110100001000111101111010000011111110110001011001101100110001001110101
255	1101010001110111010010100111011101000011100101110110111110010001110111111101010010100011111000101111
4530	1011111011001011011101101000110101100010001010010100101110001011111111000111100111001001000110010100
481	0110110100101010011001011100111100010000100100001110011100111111000111110010100011000010000101111000
9545	0000010111001000001111110100001010100110111110000011100011011100000110000110101001011101110001001101
6760	0010111011101100100111010111110100011100111001010010111000111000011000010100000101000001010010100110
9024	0101101101001100011110001100100011111000100111101011111011110110110010101111111010101100000101011001
3926	1010111010011110110101111010011010111000010100011110111000000000011001100111100110000011000011001101
167	1001111010111100001011111000000011011011001011110111100000110100000010101010011111000001011101110100
8959	1001111000111111110111110101000000011110111011111011001111001001000000010010000000010011010111001111
6043	1011001111110100110111001010100110110001101001000010011010111010100001000010001110000001101010001000
7704	1001111111001010011101010101010000111011110110000011000110010011100001001000001110000010010011101000
1033	0101000011001000001100100000011011000110110110100111100110010000011000100101100110011111010010100111
861	0010100001010000110011001111101000011011000100111101010111010000011110010011011101010110011110001011
8061	1100100111100101011000011010000010111111011100000000111010011000000000001011100010100101111100101111
144	1111111111101100100010011101010011011000100110010001110100000000110111111100011011011101111100000100
9456	0110100010000010100010100110010011000110101000001100101011111100100111001000101011000111000110010011
3498	0010001111011010001010101011100111111101110100111000100001010000110100100100011011110100000001001001
2312	1010111111010011111010110101110110011000011111011101100111010100000010011100010011111000100001011100
2368	0111110101001011101000011010001110011110000111011010110001101001111110100010010000110011000100010111
9972	1101111010001011010110011000010110011110110000100110001001100001000110011000001000000000101100001101
3001	1100110100100001101010011001101100001110001011010100101000011100101111111010000001100010010001011111
6015	1000110000001010011000100111010111111001100000010110111001010101000011110010111100011111000010001001
