Size = 100 
Clusters = 188 
29	92	0
52	62	13
81	76	95
92	71	53
21	91	77
87	68	18
56	84	93
9	12	73
67	22	94
68	96	63
47	40	63
17	62	47
29	71	19
43	99	79
57	66	18
26	99	30
56	93	37
64	13	70
2	58	66
38	40	32
31	64	25
18	40	75
22	44	48
1	53	21
92	48	3
58	85	83
24	28	90
68	12	80
2	22	20
5	41	36
22	10	57
65	51	32
68	66	34
32	59	75
7	28	27
88	85	24
41	33	37
91	43	4
73	53	58
46	49	21
74	65	23
60	55	11
61	30	91
16	62	87
16	93	66
26	22	19
73	27	47
15	9	67
9	71	80
90	49	98
24	5	10
66	2	4
97	52	8
77	53	65
59	74	93
79	28	44
83	19	23
26	36	3
78	64	58
33	10	41
94	13	38
86	88	39
80	25	73
82	14	67
14	40	71
9	6	74
20	91	42
53	92	68
87	61	16
83	17	31
81	24	56
54	21	58
84	78	24
51	90	7
45	1	69
78	36	79
47	0	87
6	88	83
89	4	28
13	77	11
72	90	45
48	34	91
70	2	14
17	83	49
92	34	99
35	4	55
67	73	28
28	70	84
67	72	67
65	41	44
2	77	43
52	6	85
5	24	6
71	36	42
56	61	9
87	19	33
81	20	41
46	60	39
97	76	16
93	82	73
46	71	45
68	75	0
7667	1111101101101100000111010101001110100110100100010011000111011111010100011100100000011100110010001110
5658	0100001010010001011001100100110000010011110100101011101000011111100000100010110110110110101010011000
3361	1111011010100000100011011101001000010100111000000011001000111100011011001010001011110000000000101000
2693	1010101010011011000001101000010111010000000001100101001101001111100100001111011110000100110101011101
4445	1011110111101110001101100100000011101010000110100010001000101010110111000011110111100111000111001100
6596	0000111010000110001001000000011011100010001100010110010000111011000010000000110000000111100001000100
44	0010001110110110111010011010101100010101000001000011110001111101011011100111001111100100010001011010
1054	0110100011100011010100100110110110001011001000111100000111111010001101010111010001001101001001100100
2062	0111001001011001000011111011100010011000110010001100101011111010110011010011111000010110111011111111
7074	0010110101001001000111001010100100111000001110101100001011011101000000011000001101010000011001011111
4596	1100000000010110000010111011111011110100000110110001110100100111010011000111101101001110110111010101
4102	1100011001011100100110000010010001000110111000110001110011110111110100000000101100010010011011011100
6461	0001010110000000110000001111011100100001100110001101001010110100100010001001100011001010100000001100
1213	1000011100001010110110000111010001100111101011110010011010000001111001110111001110111100110001101001
319	1111000100010011110010101101010000100100001001100001000111001000110111100000011101001110111000111111
3546	0111000100110111110000111101100000001100000100111010000000000010110101001111011010101110111001010010
8420	0101111101110101110110000101101110110100001010011101101101101111001100011000000010001001110111010101
2636	0000000100000010000110000100010011010110111110011110101100111011110010000010000000010101101101111011
9686	0110100000010011101100000000110010000000110000111001011010011000101101110100100000011111010101100100
1062	1111101001100001100101101001111000000110111101010010100000100110100101110001000100101111110011001111
942	0000000001111111100011000101101010111110000011110011010011111101001100010101000101010111010100101110
8588	0011110101100010110111001000001010110001101010110010110000100100100101000011000110010110100101100000
8791	1111110100000011001101000100011101000110010110101101110111111001101100001011010100010001111100001101
353	1100101001101010111101111011110011010101010100100000110111110100010010100001110110110101001111111001
9988	1000010110011000110011111010010100011100011100001101001111001010010010101111010000011100111100100110
9840	0111110001111110010000010100001111000000011001001111001100010111100010111001000101110000101011110100
30	0001001101000110011011001001101011111111110111000001000001000011011000111110010010110011001100010101
5028	0101100010001110110010110100100000011100100001110111100101000101000011010100010110011111011001111000
7274	1010111101110010011001101001100111111111011101000011010000101100111111110011101101011000011100001101
5609	0000000010001000100011000110000000100100101110100011011101001010010010011111110110101110110000110100
5750	0001001010110011001111100110010000110000011001001000111000100111110011111000001000110001000111010001
4784	0000011100001010000101001100001100111011111110101000010100101101101010001101110110110001011111110011
6645	1110010100001101011001101010000011011010011001101101010000110000010111011011010111101100100001011110
2921	0100000101001001111111111011011000010001100010000001001100011011011000000011110100011111011111111100
139	1001101111100110100100010011110110110100111011010010000000100101011011100101010111000110010011011011
3057	1011101111010101010010101101010110000011001001001000010100111101101110011101101101111100000111101100
5983	1011011011111011011010111000110000011111110011000000000000110010100111001101010010010111010111111010
3653	1111101110000010010100011101110110111010100000010100010011000101101010101010100100100000000000000111
8548	0001111000101111100011010101000001010010010000011101000011010011010101000011111001001000101011101101
9085	0110101111001011001101101111010101011001100010111011000001010101111101010001111001010010110101011100
4797	0011000010001100110011011011000001011110101101111001100011110111000000111001001101010011001001011101
7449	1111011010111110001010101110110000010010100000001100000100110000001010001111011011000101110011111111
9071	1010000001110001100100100100100100011000100100010001100011111101000110101010110011000110111010101000
1137	0000100100011011111001100110010110001101111011000000101001100111011111000100100110010001111010111011
3569	1110110001111100000101011111010101010001000011100100110011000100011110010101010100011010010011110111
6063	0010100111011010101110101001110100011001100001110010111100100100100011101101000100011010001010111010
6493	0010011111000111001000010000001001111000010110000100010101110100001100010100111000111100100100110011
6413	1011001011001111001001000111110000001100110000001011110101001010100001010011100001000011101011010011
4555	1111100010001101110010010111000101010111001001100011001111011101111010001100000000000011111110100011
82	0000010111011101010000110011111101001010001111100101001000101000010101001100100010111000000011101011
4495	0000110010110000111000011010101011100011110100111111101100010110111101011010101011101010011111110010
7150	0111101000011001111110101000111011011001010000000000011011111010001001001100000001000011001101011111
7989	0000111011011011100000000000000010001111000001010111101011010110111111001111111100010000100010110000
1888	1001100010011010010010110111011000111000101001111100100010111011001000010000000110010110100000010010
1936	0110111001110101001000101001010001001101100010000111010001001010010100011110110110010001011111010011
3084	0001011000100011100101000011010010100101111000100111000110111001010101100111000011001110010000111100
6126	0100110000001101000001000110100011100101111000111000111000001111010100011010010101001110110100011000
5822	1001110111110010011011011111111000000000110100001000111011001001010101000111101001111000010100100010
3397	0110101111000011110101001100100000100101011001100110101110110110110000010001110101001111111101000100
8996	1101010100110100110000110001010000110000000000011101101110011000010000000111111101000100001011110111
3382	0011101111101110101011100000111110110100010011010001011011010100111010111110111110110010110011011010
3248	0010111001110001011100100101111011100000101000000011001100000011110111010001111011101111111100001100
8898	1001010010110010011111100110110001011001001011100101110000110010000000000110001011110001000111011100
7673	0101001100011000001001111111010100010010100000111000100110011000101000001011000001101111011100000110
715	1100010111000111111010101111111100100110100110000111100100001111100110011101010111001010101101101110
7032	1111110001011000001010110111001011010011101001001001111111001000100001110011110010000011100001100010
8798	0111011010000010101001000010101010010011011011010000110100101010001100101011110100001111000000010101
1910	0100000111100011011000101110101111100111111011010101010011111001010001110110110110000010110100010100
1427	1001011011100011000110011100111110110111000110100111101110101001011111001001100011100100111011000101
2798	0011100011111010101111000001111001111110000001110111101000001000101111001110000000011011000011111111
2345	1011100001001100110111011000001100101110011000011000111101000001111111001011011001111110101110000001
5911	0111001110011001010011011011011001001101101010111111000101010100001100110110011011010111010110011100
8507	1100010010011111010011100111011001010110011111000100010010110100100011111101001110111001101011000100
7809	0000010000000011111011010000110010000110101000111111011010100001101001100001011111001011011011010011
1421	0110011111101100111100100000101111100000100101010010101000010101010011101001011100101100000100110100
2008	1101101010100101100111010111010110110111111001111100010001110001001111000110001111111101101000000010
9343	1101011010110001000101110011011111100000111010100001100100001110001011011000100101011011101000000110
2061	1011100111011011001101100110001001010001101110001010110100010000001101010111000010111101001001000010
6706	1010111000010111100110110000110101110001000101011001011111101100011011001111100100001000111011000101
1821	0101101010101011010010001000011010111101101010100101000101100110001010010000010110111010111110001001
8827	1110010010101000010101101000111011101110101010000101000111010000001111000010110000101011010010111111
8429	0010000111100011111001000001001110011011001101011110011111010101010000110000001010000000101010101000
3526	0011110001100101110010100110100010001010001000101111110001101001111000001010001011100101100001010110
2868	0000100100101001011000000111010011111111001001001010010111010000100101011010010111110010000100001100
3904	0100011010101001011001110101010011101111100110100001010001001111101011010110000010111101000101100010
465	0110110000011111010110001011110011001111100000100111000110100100011011110100101101101111001100101100
8875	0110000100110011000001100000100011100100111100000001000111001110100111010001011011010011001011011101
8039	1010110100000110101001000111110111000000110100011001000001000000011000000011010101110100100100110101
778	0000111011000101100011110110101000001101001000101100110101011101100110110010000000001001011001100011
8979	1110010100101101101010111010101111001110010010001110101100001100000000111100011011000001110001111001
4307	0001001100001010100101001011101101101100111011101101110000001001000110100011100010110001110000101111
6197	1110001011000111111111000110110011000010010101001000100011111101011111110000010011001001110000010110
9777	0101111110000000111000101001101000100010110011110001100010010011110100100111111111001001010011101011
1254	0011000101010100100001100001001100100000000000110000000111000001011010111111000110110000001100111011
4922	1010100011110111100010111011111111101110010010111000110111000101011001110111100011111111010101101101
1299	0001100110101010011001000101100011100111110011011101001000100000000110010010000101000010001010010010
2670	0010000000111011001011111000101001000111101000010111110111111110100111000101111101101000010101001111
928	0101101100100010100000011111111010000111011000111111001101111111001001100111000110011011010100011101
1922	1101011011011101001011110011101010010010001110010001111010011011001001110011101101001110000011010011
6607	1111111111101101000111011101001000111101000100100100101010110001100010001111100100011110100101011101
6192	1011111011101011110110111000110101111111110011110110001011010100001100111000011110100101100100010000
4873	0100101100001111101111010110010110110101110110011101101110110011111110100101011110101010010101101101
1284	1001100010101011011101110110100111001001110101101000110100010011110111011000111010010001100111000000
2021	1011011011101001100000011000011011011110010000011101101111000101010100101000111001101110010000001101
3167	0011011001100000000100011011001000000000101110110101110101100001000010100101110110010110000101010000
7252	1010010110001001101100001001001001110000100001011010101110101101001011101110100111100010000001101001
9845	1011000110000100010110100000101100011001000111000110001100111111000000010011011010110111001011101111
6005	0111010010110000011000000010001000101111011010001100000100101011001101110101111011101100001100000011
4097	0000000101010010000000010100100000010001100110111110111001111010001110111111010001001110001101101000
301	0101010110110111110000111101100000111001100101100100011001101111001001010101110000100110111010111100
4135	1101000110001110111100111100110100000001101011110100010110001000100001100011101100100111111001111101
755	1101100110100100000101001101001000010000111111110001010111000111101101100011000111001011011011111111
3819	0001011010100101101110010010100001011110011110000010000100010111111000101011101100101010111100010100
1123	1100111001010000001101010000110010111001101001001101100011111010101011110010100101111010110001111101
8785	1010000010110111101101001010110011001011011100100001101111111110110101001101101110001100100000010001
6560	1100000111110011111111011101000011001110001110001001101000110010010010111001101101110100001110110001
4857	1110101100100110011001110101101011100110100000110101000001011111101010100000000100011101011011011100
4935	0100111110101011111101001011000111001110011010111110100110111100010101100000101111000110110100011111
8769	1101110011100001001110001011001100000101100110101111011011000100101100010010100100001101001101000111
6586	1110111101011101001000010111000110110110100000100011100111100000011001111010011010110100010011001110
8400	1111101110100011010111001011110110011010000011001100001000111010110001001010001001011011011000101011
6997	1111000110111001010100111010100000010101100101010000101111101111111111000101011100011000001010000000
3999	0001011110101111010010110001011100100000100010101010111111101100000101010111111001010101101010111010
4991	1001000110101001001011100110010100100010100100100100100111110010101011101100100110000011101001010010
1139	1011001001010011001010011001011111001101101100011011111100000011011111010101010011110010000100100101
4115	1110011010010001110000001000110100101100111010000100110110001111100001101101011000001101001110010010
9926	1001111011111101100110011110101001011011001011001000001101011100111000011111001000010010001000000000
3911	1010010110000100000110000011000000100010101111110001110011001010111001111010001101100100000011000111
421	1101000010101110000101000010100001110000010000111100000000100100101100001000110101010101001111011011
5799	0001111110010000101011111110100001001110001010101010100101101110000001111011111000101100001100001101
8175	0010000001010010011000101111011001101000100100100001000100100001011101011100000010110100011100100001
946	1010001110001111010010101111100110001111110101010111100010010010101010110100010111010111011111011001
1663	0100101000000010101101011110101101000000010000011101101011011000111110001010000011100011010101000000
893	0001000010110101101001010001100000001111001110001010000011010110010101110001111001010000011000110010
2141	0001010110110100110010010010011010110000110000011110000101001110101001001110111001100011000011111010
5198	0001010010010000001101101011010111111011100001100111110010101001000101100111011011001000011101111111
2178	1101001110110000011111011011101100101001010110010101011111100100001011001000110011101001100010100010
3128	0110111100011100011101110001001100011101001101100110010001010001100111110100101010111100101110100010
3088	0001000010111111100001011101101110001000100001100110011001100000111111011111100101010101101101000010
557	1011100011000011100100010111101100100110011010010001001001110011100010001001001001111010001100101101
2414	0110101001000100100100100000101011001010001110110111101101100111111101010110000111001000001111000101
9288	1111001111000001000001001110000100010100011001101010011100001111111000101110111000111010010111100001
8883	0010100010110111001001011100101111110101010001101101101101101000111110010001001010100000101000010100
3191	1010111101010011001000010011001010000100100011000010010111001110110010000000110100010011100000010010
8307	0100100110010011010010110110010001001110011110000110010001010010010100101011111010000011000010010000
9869	1110000000011000110000111000100010101101011101111010100110011110011100001010011010110100010010101011
2825	1110001101000000000101100001101000101010111110001000111000011001100011111010010000100001101110001010
251	0001101110000011111100100000111011110111001000011100101010110010111111100101100111101111110010010000
8519	0101110000100001101011001100100100000011100010111000100100010011111010111000000100100000111010110110
6715	0111010100101010000011010111001111001100100110011010000000110011001110001101100010101010010011001101
6008	1100100110001010111101011100100100100100100110100000101001111100100100000100101110110001011001110110
5692	0000110001100000100000100000100000011100111100001111001110010010111000000000001110010010011111000101
7497	1110010101101011010001101000111101111101011011100010101100010000101001100110001101110101100000111010
9662	0111101010101111110100001011011110011111001100010001011000001100001100010001111001011110101011010001
7027	0010110111110010101011011100000001000111111011110110101111111110000100001101100000100001001110101000
7417	1100100010010110110100110111001001100011010001111001001000001101100110001101001000100100100011100100
8117	1110000001100011011110100011011010000110110101110011100100111011111000110100010010001010001100001011
9887	0001111111100110100000000010101111010001100111111100110011110000001110101010001011001111001011110000
8013	0101111010011110001100010011001011011000111000000100111111011011101011011011000111101100010001100100
1052	0001101101111101001110000010101111101110000110000001000000000101100000101101011000000010110101110011
5305	0110011010110011111101100000111101110011010111000011111110111000011101101000011011101001110000101010
6630	1100011110011110111110110011011100110101001001011011010111000101011111111010100101001110000000010101
3996	0011001001111111011010010100000101000111011111001101100101010111111101001000110101000101110000000101
7943	0000000001001000010101111010111011100011011011110011111100010101011000001111100011101011000010001001
3495	0000011000100100110110000010111111111111101000100010000110110110100001010110011100100001111101111011
9282	1100100111100111100010000110010011100010000001101100011110101001101111101010100101001011001001111101
5852	1100101001000011111111001010001000011010110010101010101000101110010011001100101100110100011011101100
8827	0100001001100111110000000101001100001101011100101000100011100110110001000101011011111001100010010101
5755	0111000010001110100000010101110111001011101111000001110000001110000011101010001011001001000000101011
6583	0101011101110000011001000011010110100000110111011100101100001001100000111100101001100010100111111111
8742	0110111110011101111110111100000010111111100111111010011010110001110000110000000101101100101011010101
5083	1100000011000111010001100010010001011000101010001110001011111100000110010010100001011000100011010010
2078	1001001000010100001100100110001100011011001000000000011100011100000001000000111111000100000011100101
471	0011010000010111100010111011100110000111000110001010000110000101011110001111111111111010011110000100
7984	1100110101110011011100000111001001001001000011001100011010110110010111001000011011110011000101011000
8544	0101001000001100110111000110100011110000001001011001100011010100010100111110001010011001101000110001
7884	0100000000111110110000100010010000000010110100010110011101111011100010000110010110010001000001000101
163	0110111110101111100000100000111011000010111111110011010110011010011100110011111101111011111110001000
1510	1110101100100001101000000111011011111010000011001100100101100011001001110110100111011001100111001011
5181	1110110000001111000100101001000110111011111111101110111110001001100100001011100010000001100010000101
8531	1010100111110001111111011111010110010010110111011011100011001000111111011111111101100011001000101011
163	0100100100000111100100010110011110000110100010100011111100000111010010111011100010111110110000001000
6376	1100010101100011110101011000011110011011110011101010110010011000100111111110010101011000111010011010
2389	1111010111110011101000110111000000100001111010111001001101110010010010000110100100110010010011110000
2764	1011110101110000010010110001111000101010001101011011100111111001011101101010010000101111100011100100
9476	0011010101110101101000101010110110111100010011111110001010110100111001001010010001000001101100111110
5717	1111110111001011110001101011111110111111101110010110001001110101100011001100001111101101001101001110
7500	1101111111000000101101000000011100000100110100001101011110110111100110010011111101001100111000111000
