Size = 20 
Clusters = 22 
30	39	0
0	28	7
49	27	16
42	45	59
32	15	53
84	52	67
80	34	99
12	28	76
2	97	45
72	88	66
46	16	11
81	7	20
24	45	26
87	53	9
57	54	40
75	74	60
92	68	16
30	94	58
29	75	9
33	54	72
15	82	97
55	90	0
766	10100101110011101110
1846	11001000000011100110
290	10010101101011100101
691	10101000111100101011
1722	01000010011101000000
625	10110100101101010110
279	10001110011100101101
366	01001111001100010011
1417	11001010111010100010
1287	00110001000011001100
287	11100000100000011111
127	01101001001101101011
908	11001001101001010000
1665	01011111101110100001
1078	00100100100101111001
91	10011110111011001001
1667	10100010000000011110
308	11110011111011111110
819	01010001011110000000
918	11010000000110100001
550	01001100011010011001
1111	00011011100010111000
