Size = 100 
Clusters = 196 
16	13	0
68	53	10
75	93	67
74	94	44
37	93	87
36	5	42
50	69	44
33	86	32
77	65	89
32	56	66
0	12	53
71	2	60
6	71	37
68	72	82
53	92	6
12	60	44
97	14	7
12	54	28
65	96	88
94	10	62
51	53	67
24	94	45
94	70	81
22	7	98
73	84	80
4	55	13
95	86	3
72	7	35
31	87	11
56	42	9
62	85	50
89	57	51
0	79	73
48	33	89
73	26	63
36	40	53
30	26	29
38	82	51
42	73	74
99	84	53
72	62	2
95	72	75
72	66	95
81	73	4
12	49	54
46	6	33
66	27	81
89	93	57
91	11	63
39	26	98
33	12	63
28	18	8
41	12	18
28	68	42
44	70	43
30	79	57
1	15	69
42	51	88
32	30	20
92	20	55
33	28	96
66	62	46
12	84	27
78	15	58
90	54	80
25	19	47
27	92	5
92	45	21
95	16	55
45	29	59
79	64	55
87	36	36
39	89	94
85	21	82
1	86	57
78	22	66
40	96	16
3	87	48
11	15	79
80	10	43
54	37	99
8	24	95
37	73	74
68	26	4
51	6	73
56	94	94
63	57	47
46	90	46
45	13	62
19	74	69
94	48	46
68	43	64
85	47	39
20	42	28
18	88	56
21	70	28
41	1	0
44	11	57
71	90	73
1	78	48
29	65	89
9	45	0
8874	0001011001101011100011100011011111111101000001101101100110100001010010011101110010100111101010010111
5301	1111110111010111101010100011011000011001000011001110011100101111011011100110111011010001001000101111
5064	1000111101000000010100101011011101010100110011001000001100000101110000100111100100000010000011001011
4875	0010001010101111110111011010011110100001011111111111110101011111111110101011111110001101010100000101
108	1100110011101111101000101110000100101111001010001111011100011100110000111110101001110010110000111110
8462	1001011100110010110110001101101101010100111011011000010011000001000001101000000101011001010100000101
9211	0010000010101001011010000001000100011010110010001011110101100101001010000110110010101000100010101000
5997	1010100011000010011110001110111111111011000001111110010001011110111010110010101100011110100100110110
7260	0010001110000111000011010000010010110101011011010100111010101100111010001110000011100011101100101011
9661	1111101000001000111101101111010011110011111101000100100011010110000010001100110010000010011011100011
9369	0111011111110111110100110101110010010101001100010011010000110001111000101111001011001110001101000100
8264	0010010011100111001010001000000100110110101111000000110010011110111010010100000111101101111001001100
2580	0000101110111101101110001110010010111110000000101111000111101010111010001001000000011100010101000001
3393	1001011101000001111100011000100001010010011010000110011011011110000011001001101101010011001001111110
74	0000101010110001110000010101010001000001001000000000011001011000011011001101011011111011001110010100
5859	0100110101111010101011000100000110010111101001110100111110000110010100100100011100101110101001011001
8145	1110011110011001100111001100110001100001000100110000001000010101101010101010010001000110010111001101
771	0101100101100000110010100101100001011001011010100000101000000000001100110001100010101000100111110000
489	1000001111001101011011101100101111000010000001110110000000100010100101010000111101011010111010101000
2463	1110011000100111101011011101111001010100101111000110010111111001001100100110111000001000101000000001
5517	1101001001111010101010001101111101010101000101111111110111100111011101100100101011111100100011000100
7472	1100100011111110100101111100010101100001100110111001000100001111111101011100100110010000000101001001
1011	1110110000011101001010011010111100000010011101111000111000010011010101100010001100000000001010110011
8646	0111100000001000110110000011100000101101011000001001001011011001100101011110110000010110101100101101
9506	0100100110010110100011011111100111000100001100110000001100011000001011000000001101100000110100101111
1644	1011100011000011010000101000000100000100100111100101110101001100000111100110001010100000100000110011
6293	1010100011011011010001001100001111101111000110010001001101010011011101100010011011001100011110010111
1988	0100111000010100111001000010110110111111100111101010000110100010100110010010000001000010001010110101
989	0001101001100011000101010011101111000010000000110100110100101101101011101101100001101010101100011011
1109	1100011011010101000110101101000011011000101000110110001101010111100101010001100001101010011001101111
8910	1110000100100100101111011111000111100011100100011000000000001000110100011101011101111011011001100010
555	1011000011000000111110000110101100000001111111100001010001100100011001100101000010011101110011000110
8769	1000100111111011010101101000111101000111111000111011110100000010111010011101001010001000001010010110
2357	0111010110101011111100100000010011101010011111110100100111001111001100011001101000001001000001100101
332	1001011100110100001111100011010101110001110101100010011111011000001101110110110000100101101110100100
6225	1111011011010100000001111101101101111101111011111111100111111011000101000111001000011110111011110110
1133	0110011001000010000100010010100101001101001111010111111000011100111011101010000001000011111000110010
7900	1010011011110011110000101001001010100101000011101110101101100110111011011111111010100010101001011100
7221	0111111100010101001110011000010101011000000001011110000010110111100001110111110011111111000011010000
8348	1011110100111010011001110000110010001011111111001011101010000111010001110001001011111111010110111010
7360	1001010110000110011010010000001100000001101010101111110000010000010100011110101001001011011011011010
445	1110001000110010010010111010011011110000110010110000011100010110001011101111110110111101110000000010
196	1100110000010000100000101011001010011000100101001010110110011001100010010111001000001011111100101111
2688	1011001110010000111000111100001000001111000101110101110101111101001111001000110000110110100100100101
8491	1011011110000101001100111010000101001010011110101001010000000011110111011100010100111100110111010101
3863	0110011010001001011001111101111100100111100111010011101001001110001110100101101001000011110111110010
1558	1111101000001011110101010100000101011101010001101001010010110011000101011110101000000000101001000111
1047	1100001010010011101010111000111001011001010010101100110100000100001110010101000011000100010110000111
1287	0000110111000101001010100110100000110111000110100011000010100100100001000101000011001001110011001100
1110	0001001100101000011000000101011111101010111110101010011001110010011010101100010001111110000110000110
1877	0011101011001111110101011100000001001001100111001011100001110000011100000101100010011110111101011011
9923	1010100010010110100110010010010110100100011101111011000110110110001110011110010110001000101000000110
217	0001000111010010100100111010101001000101000001011000101001000010100010000111100001011101011011100011
4602	1011000110111000010000010111101100011110000001101000010010000010110110110101011110100111110111010000
3461	1000111001011010111111110001101111011111010011001111010000100100101001011010100111100110110010010100
5728	1011011010010110001111011011100110110010001001011001000100111001000010100101110000011000000011011011
9427	0011000010010010000101011101000111110111001001111011111011011010111001100011101001010011011000011101
1976	0010100001001000110100001101000011111011000011010110000111010101000111011110010100101010011101010001
780	1000011111011100001110011010010101011111000000101101000011100101011010010101000010101001001000010101
1724	1100010001111000101011110101111100011010111100001010110110000101000111110111001001110000101110001001
1515	0010111101001010000000111010010010111010011100100010001000000001001110110011101001010011010011110010
2735	1111100101000111101111111010010001101011011100000101110001101100110101100110000100100001010000010010
8023	0010101001000111100000011010101101011011101001111110000111001011010011100101011001101001001101001110
2938	0111101111111101001010100011010100001111111011111111111010010011011100111001000010001010111100110011
8449	0100111000011100010000101101010111101111011010001100101101110111011010101011101000010101000000110110
7021	1100011100011101000110000010001000100100001111000111100011111110111111010001100011100101111111101100
5978	1110101011010111010110110111100010111000011100111000111000101111101001001110100001100011010011000011
8229	1000100001101101011110010000000001110001110010001110111100001010011101101011010100001011010110000010
3133	1000011111011100001011000010010101100010101110111001000111011010011010000100001111010110111000110111
3251	1110110101110000101010011011100010101001000010111100110101101010010111000001110000100011000000010111
4775	0011100101111111010100101110100101011101100100000101110000011110011101000010001001001100110001111000
690	0110100000111011110000101111010110010110110010000101100100010111001111000100100000100100001000101010
4839	0000110100101110110010011011011011011001101010100101000111001011100001001000101100100010110000010110
1222	0111001001101000011011001001101001011111101011100000010011001101011000110100101001001000010010010100
482	0101010000001011101001111001110010110000010010101001001100011000010001011110010000101011000010100110
7257	0110011101100101110010010011001011001110101000011101011001111010001000001101011010100101001010100100
8523	0100111010001001101000101010100010110001100011111101111110000001001001011111111001011001001000100110
823	1100000001000111000110010010100001100011011000101100100000100001001100010100011010010110001010100000
9044	1011110000100100010011010100110100111101011001101001100111110001110100000110101010110110001001101010
1461	0010100011000001000010010110100100011000110010010101011000111101110100101001011101000111111110101010
9084	1010110111000000001011111011100010000001010111001010101101101111100001010110101011011001010111110111
2053	1110010000000011101000000110010010110101010001100100000111110101011111010100011101011001110111001110
927	1111101000010000110000011010011001100101010011000101011010011100001111011100111001001111101000111101
9129	0011000111110100011110100010101101001101100110011101001000001101000010001101110000001101010010111110
599	0001011101010000100010111101111000100101011000111001111010101100100110001110111111000111110001010011
8896	0100110111111011111011100111111010000011100100111010110100001101011110101011101100011010101010001011
9953	1101100000011101111110000011000000011000101010100001100110000001001010110001011010001110001111101001
3748	1000010010011100100110011010100101110010111011110101000100111110111010010111010111110101000111110101
971	1000110010110001110011110000000111110111110110110010100110010100010011011100100001010001011000111101
4641	0110110000000100011000001000101011011010110100000010111100111110111011110110011101101010001000111110
3260	1000010111000100100011101101011001000010111001100001000000011000101101101110011101111110100101001101
1736	0000101000111110010010011001011100110110111101110010000000000001101101100001110001110100110111011111
7719	1011110010111111101001011000010001101001110100111000110100000001100111101001111010010100001000110111
3496	0001011111101000111010001000100111110001101110000001000100110001111001010100010110111101001110100010
8276	0111000101000000001110010111000000100010110000001110011000001100110110101000001001110110011111110011
1735	1100110000111111110100001100100011001010010110010101011111101001000100101110010001111000011111111110
1348	0000011001100111100010001101011111111110011111011110111010111110011011000101110100011101001001101100
5301	1111001010100110110101101111101100111010111010000100100101001000100010110000101111101000000011011101
5082	1110011100000110110000011000101100010001011001000000000111111101000011000001010001100101110101110000
9711	0001011010000111010001000101100110010110000111101000000000011110101001011111001100100001111011000101
9700	1100100110010110001101011000110011011101011010110110001011001001001001010000101000011010010111000101
1131	1001010101100100011001001010010010001000110011011011110111100011110011010100000111111111000101111000
2632	1100000101000011100010011000111010011101100111000010111100111011001110001101101110101001111010000001
5656	0110011110110110100111010100101001110001101110000011011001101101010110011011011110001010100111000011
5610	1110001001011000000100101001000100100101011110101101101110100001011100000001000100110111010001111000
7649	1101111111010101110110100000011011101110101101000110110011111111110001011100001001001100001101001001
2301	0110111000011001110110100000011111011010101010110000011000101010100001000101000111001110111111101011
1530	0100001001110111000011011000100010010011000101101110111101100000101110011110100001010000100100111001
6460	1010011000000110111011001010101011110100111110110000001111111110100110100100100101000110110111010001
9098	0001010010110011011111010000110000011100000111110100000101010101000000110011110011010101111000111101
9996	1001001100001000000011110101101111000110010100100100001010100100111010010001001100110011110111101000
99	1110110000000010110111101101110110110101110000001000011000001111110100011000101000011101010010100011
4278	1000001111110001100000010110000111100100000111000111000101110100101100011100111000011010000101000010
6023	1010100000011111110001000001111100000100101110100111010010000011011100101000111111111011100111001010
2431	0010000001111000100100011110111011100011000010001000101011110101001010101010011111110111011000011111
5801	0101100011001110001010001000001110000000111110110001101110001111000111110000111001111101010101000111
529	1111010000010001000010101110110000001011010101001100010110010101111010100000011101011100101111000011
1579	1101111101101101101101101111010011100110110011011100001000101001011110100111110010001011111000011010
2849	0101100111111100111100111111011100111111111001000011000001111001001110001000101001010000111101100011
5964	0101110101100100101011100111101010000101111111001010110000000011000100000001011011011011101011101100
5747	0101011101111001111100100110001001010111101010101100101110001101101010101101110101011010100100101110
5327	1100000110111001011100110101100111001011011001010111100000100111111001100011100101010110110100110100
9436	0111010111100111111110100100011000001011110111011100010011010000111101100001001001111011100010000010
3792	0001100101110001010000110010110110101101101001111101010111000010000101110011111011100100100111011111
39	0001010111010001000111101010010001101010111110011111010101010101101001011011010101010101111011001011
6439	0100111010110000111110100010111110111011110110000000110010100001110101011100110010001011101001110110
5119	0101100001100100000011010000000001100000001011001010011000101000010100001110110001001011101011001100
345	1100010100100110010011000110000111011000010000100001000001111100100000010000100111010100100010010000
592	1111100101000110101001111111100000000001000000000001001100001100111010001001111000101101010101010111
8804	1001011101010101101101011000111010101100111000101001111011010110100010111001010001111011001001101011
6916	0100101011010100001110100111000110110100000101111101111110010110101010010000010001101110010110001001
7751	1101100110000011001000111000000100001110001011000000010011011011001000100111011101001011111101001001
4970	0100000110100101011110001000110001001011101110001101111101001000100001110100001111010011100000000110
7371	0001110000101001110101100101001101110100010101001110010111010010111111010111011010111110111001100011
4753	1001110011000100100001110101010011001101110100100101101100001110010100100111010101010111111001111110
1588	1110111011101110100011011100111111000100001000100101110101000001111001000111111100111100110000111111
6977	0101100100001010010101100011011011001101000010010000110001101100111010000011000111001111011110110001
2677	0111100000110110100001100010101111001101110110111100011000101111101001101100011000011111100010001111
1149	1110011111110111001000111010011001010001010000010111011010011101000101111001000111000110101000111101
7787	1000010100000100010111011110001110010011011010001000011011101111000011101110110000001101001101011010
3862	1110001010111111111011001111111001101000101001000010000000101001111010111010010111110101011010110101
9960	0111011100101010111111011101101010100111111010011001100110110111011101101001101000100101100000101101
612	0111011010110101011100100110110001110111000010111100101101100011111010110110010101011100101011111110
1835	0000011000000110001100011010110010101111101010111100111000100011010110011000111111111101011100101001
2078	1010101100100101101010111010001111010000001101011010000000111101011100000110001000001111101101101000
6581	1000101110011001000001010001111000111000000110011111101010011011000011101100110011000111100010000111
6302	1000110100111101010101100010111001011010010110111111111111000101011000110100011110011001010110010001
8379	0011011101100011111001111110101001000000100111110110001110010010100000110011000101000100000011011100
4413	1010111101011000001000000110000100100111010001111010110110001100011000111010001001011010000011010100
3091	0010000101101010010111101100110001100111000111010100101111111110111101100001000011101001011001000110
6012	0111001111010010100000000011011101101100000001111000111001000100100100110110110100011100101101111001
1967	0100011100101011110101010101001001001001010100000111110110010001011101000101000110110010100010100001
9523	0011101111111110001110001000100011000100001100011100110010011110011010111001010010001110010100001000
2555	0000101010100000111110010010100110010101101111111110101100101100001110010010111110111011010110010011
9060	1000101001000111101001101111000110010000001111111011011001111011011010011011010101011110000011000010
8988	1100110111100011011101101100011100111011110001011000100111101111100010000000101110101011111001110000
6692	1000110011111010101110001000111110001101101111101000101100111001010101010011001011010001011100010001
1061	0101001101110010010111101110101000001001101110001111100011001011001000010010011011100011001101101101
5504	1001011001000111101000001111010110100011100011000011100001000110101011101111011011010100001001011011
2344	1100010100101000001010111000000000010010001001101100111001001111000010010100010100101011000110000111
702	0000101010100111100000010111101110110101110001100010001000010110010101000111011010010001011001011110
4739	1011100011100100001010101101110011000011011110000011111111001011100010010101000001001001110001010110
2033	1100111110100010011000100100010101001110000111111100001111101000001000101011110001000110010000010100
3221	0111011111100110101110100011011111010110001011001001111011100000101000011110011010010111110101111111
1926	1001111100000010110110001100001000101001100100000110101110000110100001001011000110001000011010001111
7020	1111000100110101110101101101111001001111101011100100111111111110001000000111111100011110101100011111
9369	1101101100011100010101010010111010000111001011111001000001011010000010110101111010000110100010000000
399	0100010110111011110111111101110100101010100001111010100110010001001011101000010100100010001101101111
3172	0000001110000101000110111001011111100101111010000011000110010111011011101100001010011101101110110100
7627	1111000110101100100001001001110010001011000111010001000101111001110000101111010110000000110000000101
4872	1111101011100000111011100111010101101010101000011101100010100110110001100000010001110101100100000100
7636	1000010001110100100111011011111111000010101000010010110100000000111110001110010000100011001001111110
8368	1001111001011010010000111111000100111011000000001111111110011011100111111110011110101111100110110100
9432	0011001000010011011101000111110011010001000010000010011110011011100001011101000011011100101110010011
5830	0011110110001100100101100000010000001000001010100111100110110001111011011000101010110011010000110111
6179	1010111011101011100101100110011010110101001000001100000100111111110100100110100000101111000111001111
4620	0001010001111000100001111101100100001101001111111111100001101010011000111100100100010000000110101101
9047	1110100101110001010101110111001011110111010101001111000001011100001011100000101101111101100100010001
7571	1000101110110110111100001101111101111000010000110101101001101100000000000111011010100100010000001100
7399	1101010100110100000110111000000100101011100010110001110001000110001101011101101110010110111011111001
8276	0011111101001010010111010100101011100010011011011011001100100001011000010111000100101001000000110111
319	0010000100011001001000000010100111001110101110001100011100100111110001000100100110001010011100101101
2043	0001000001110101101101011000001110110001111111101110000111000100000010001111110100110100111001110000
9829	1011010111011110110111001101110000001101100101010010000101011001100110000110011000110001100000010111
4994	0001101010101011001010111100101011000000110100111010010001001100100011001001010011100100110011010000
2141	0101000011100011001110101011110000101110111001010010111001101011010101111101100010101111110110111001
5309	0110010000000100100011000100000111101111100010101101100110101010001100011001000011001010000110111110
3908	1101101001001110110101000111111010111100000100100001110010010100111001101001011101000111101011010100
1974	0000111111110011101000010010111110010100111001011100001110010101001101110111110111111011100100111001
4377	0101011010110100010000100111010110010001001101100001111011111101111010101110100010111000001000100100
7885	0001001001011111011100101001110101100010110110100011000100000000010111011001011110001011000010101011
5948	0001011110100000010100000110111111100000010010001101100001100101010011001101010011110001000101010000
8662	1110111110000000010010111111111111010111110100111100011011101011111101010010100000010100001100011010
377	1000110010011101110010100100000100111010101000101101110110000110001111000000101111101110110111111111
7176	1001110111000010011100000111010010111111011000011010000000011110001000000001011101000011110111100101
2482	0010010011000000111101101100100011010000111011110101010010001111100010101011001100000111000011111001
