Size = 100 
Clusters = 200 
5	86	0
63	89	35
91	65	99
87	22	66
24	11	61
95	90	94
3	58	68
7	61	59
94	88	9
88	91	4
19	65	82
50	21	62
2	12	59
5	31	2
33	18	6
83	68	33
59	1	68
22	65	29
38	44	14
14	66	94
1	72	36
99	44	23
85	50	92
89	74	39
32	3	0
78	52	94
37	87	56
7	14	52
27	55	46
19	50	66
91	47	92
19	15	65
20	50	88
36	17	85
31	64	63
33	72	89
15	48	58
48	73	77
49	1	25
0	66	86
84	91	50
18	37	93
19	26	52
24	60	27
21	7	68
22	80	8
34	69	42
31	72	87
35	18	10
60	76	75
77	76	29
1	34	66
72	31	25
72	34	56
33	55	76
69	92	33
42	54	26
81	68	59
69	59	89
8	38	49
82	64	39
93	21	28
16	35	50
21	36	49
88	87	85
73	45	53
74	98	60
10	92	65
57	64	94
58	65	42
95	6	9
25	20	26
93	51	30
27	46	82
47	4	34
48	92	3
2	32	11
32	15	17
81	56	21
0	68	47
36	24	36
95	68	19
45	7	3
48	65	13
23	65	54
13	52	26
77	18	4
16	28	56
11	90	38
55	76	75
10	84	78
24	28	51
95	53	61
45	62	49
24	23	23
7	28	76
88	3	26
43	67	0
82	24	84
5	91	71
43	19	29
72	56	0
4444	0000100111110000111100001010001011011000100011101000011011011110110000100111011011110010111110010000
8878	1110001111110001110101000001000011000100010010000101010010001011101011111100101000000010001000110101
5966	1110000011000001010100100100010110101011011001001001001001000000101111111110010010111011100101110110
2743	0100001011001010111100100001000100010101111101000011111001001011101010111010001011001010001111011110
318	1001100011110000010101110000101011010000111100100110111110111000111110101001101001001001111100110100
1348	0101101110100010011110010000101010001011000100100100101111011000111110001110111011111001000101111011
6894	0011010101011010110010000001110101100100111000001001000000101001010001110000101000101110011001010100
7574	1110111011001011011101100100010100100001111101111001000010110101111010100111100111110000001100000000
655	1011111000100101010110011001011001101000100011101110000110001010000000110110110111100111001110110100
9859	1011011111000001010010111100111010110000100111111011000000010110101001100101100010101111111000001010
898	0010010000110011111010110010010010100011011001110110011101010011001011001010011000100000011001101111
5561	0001110000100101000100011011001011101111111010101111101100000101101111110100101101110111011110010111
3337	0101000100010011110011100010010011100100010001010010011101010111101011100101000001010111101101001010
2753	1111110010110100111001010011111110000001110100111111010010001011100110100101000011100001001101011001
9662	0100001001111010010110010011010101100010110110000101011101111101101101011100101111100101001011010101
4184	1000111001000111101100111100110001010010110001100111011000001000011111101011001011010010100100001001
1718	0101000100011101010000101111111010001001100111011010000000111100001100001010110000000100110011001011
1743	1000000111000010110101011100010100110110100101111000111011011100100111111100010000010011010110011100
2474	0010101000010110111100110010111100010101111010100110011010011110111010100001001101001011011000011000
2974	0001111011111000111011100010000010011010100000000011011110000010010011101000110100000010110010000111
2619	0110111001011011000000101000011111101101110111100100110001101111100111010001101001011100100110100010
7356	1111000001001101100111111010010111010100101111100011111101111000011000001111000001010011100110001001
1385	1101000100111010010100011001010011101100001110100111110010000100101101110001010111001101100111100011
8478	0100110110011100110010110110100110101110110111110001101010101110100001110101110101001010100010011001
8212	0011010101010001111000100100111111101010010000100101001101000010011000001010101011000101000011101000
1000	1100111110100110100110100001111100111110110111011111100100101001010100010001101010011001010100011101
3146	0110000110010111110010011101011110101110101110000001011101111000100001001010101100000001100000111100
1208	0011001110001000110001110010011111111010001110000011110000000100010110011110010111001010100000100111
6095	0111011011101100010101111101011101000001001000011111100101100100110101010100100110111100111100100011
7404	1011000010010101011001000001100110100111111000111000010100000110001111101001100101000010111100110011
9054	0111010110100011111100000000000011100001111110101001010110010001001011010011010101001001101110111010
2939	1010111010110100111011101001101111000101111110110000101001011110000000101001011101110100001010111000
8813	1011111010101000111110101100101000110100011010011101110011000011100011111011101010001101000101011101
6568	0001111000000011101101111111010011011111001101101010100011110100011000001101010111011000000010010101
745	0001000000110101011000111101000010010111110010100101011001001100010111001100101011011001001100101011
365	0010101110100011111000010101111010101000110010010110010101100001100001110011010010010000010010010110
5413	0011000001001101011111100011110000010010000011011011011100100100000010001100000100110011100110101100
8988	1111101110100010111001100101000011001000000001111110110110001010000101010001011100000110000101111011
3963	1001101111110001100000011000000010000110010000010011010010111101001101110100001100100000010011010000
4985	1100111001110101110000100111111111011110001000110001011110111110111001001000001110110000010000110000
7387	0100111100010110011010011011010101100011011011101111000001001111000001111010101000000000010010011010
1595	0100010110111101001111100010100000101110101101111011100111101110010010001000001000110101001010010000
5296	0001000001011001100000110010110011000111111110110101110011001111000010001001001000111101001100101010
327	0000001001110000111001101001101001000100010110000011000111110101110010011001111111100001001111101010
4961	0110100100110010110111111010100000101010001010111110000100001111010110101000011011000001000010101111
3692	1000101000010001100100100101000101101110100111010111011011001101100011011000011010010111000100101001
4982	0000001001100100001001110100101010101001111010000010100000000010000001001001011010111000110001110000
8530	0011010111000111110111001110001101101000100100100001000001000110101011100101000100000101110101110000
3324	1001100100101101011110100010111110110101000101011101101101100001001001100011001101001100111001000110
5443	1111000000101000000000100010000010110101010101000100111011111010010111010110001111010100000111011011
1679	0101000010010111011011011100000101001011111000001110001111100011000011101010001000000001101010001010
2453	0000000010010010000010101000111000111000000011010110001011111001000001000011101000011011111110010111
2442	1010100000101101111110110001000001111111101000101111001000111000001110010011100111111001101001101110
2015	1010100111000000110111000010010001001110011100100001101010100101000010110111100000000001000010110000
5239	0110100101110101100101000100001100000100001101101000010000011001000011111011110010010000110111100000
8583	1100101010101110110011101010101010110111010000110111100011101110111000011000001001000111111100010000
4050	1000111000001000010101010100110010010111010101010001100010100011111001001110010110001010111110110001
5316	1111000011011100011010110011111000110101101001000101111011101000101101000001100000111000010101010001
8471	0101110001010111111101000110100011010110100100001110011101010000010011101001111000101101000101001110
8137	0000010011011011000001101001000000000100001111101000010010110101001000111101011010011010111100101000
4396	1101101011000000000001000100110010110110001000010011000011011000010100000001110010111010011111000100
5979	0000100001100110000010110111000111010111010001101001111100011001101000100100101010001011101101111011
1435	0011101001010011010110111111000001011000010110000000101101001110011101011100001000100111001010000110
1004	1001111100101110010001101000000000011100110111000100000100011000100010011101011111001000101111100100
3554	0100100100011101000001111011100010111000101011011110111111111100100111110010000001010010001101100000
1992	1000001111011101010100100010110000011001011001001000011101000101000010000000001010111100110111001001
2817	0001001101010110000010000010001101100101110001100111001010011010111011101001001111000111100001110010
392	0100111010100110001010101001010101100100011100101100110001110000110011101101101000011011100000100111
2198	0001101111101001100101001100101000010110001011001100100000010110010110000111111010110000101010011001
5837	1000001000110100010000111000000010000000000001011001110100101111111011100001111010000000110111011110
7474	1100001000000110000110001110111001101110111111011110101000010111110111111101001000011001110111101011
8058	0111101001010001101101000100001111001111110010111010110010001010110101110111100110011111100010110111
326	0000001110110000111011001011101011000001101110011001011011101111011011101101101000111011011000100100
1340	0000000011010010010101100001000000001001100101100010010100011001111011011000111100010100011001101011
7909	0010000100111010100111000111101101011100110101011011011101011101110010010100010011101001001111001011
7213	1010000110100001111111010100001101000100101110100100011001110100001110001010101010000011111100101110
3005	0000001100000101101100011100011001001001110010010001011101001000100011011011011111010101111110011000
1314	0111111100100011000110110101010100010111000001101101000100100001110011100001011000011110010111001111
1522	0110011000010101010100000110001000001101001110101101100010001110111101100111100101011010010001101001
8060	0000010010001000100111000101010101100011000001010011001000000101110111100101010100100110000100010010
9611	0000001011010001111110011100010001101100001001101100111110110100110011101110111010101011111101001000
8241	0111101111011011111111011111111110111100011101011011001110101101111110100010001000110101011100011001
4980	1010011001011100000000010101111100001100101101000101001000101010010010011010010101101000111100000111
278	1110011010100011010111010111111110000110100011110100001000100100110001011110100100110101111010001001
3943	0111111001110001100001011100011010111001001010001111010010101111001010100100000101011000000010010011
2670	1100001110010000011100010110110000001000111011010011101010111010111110010001101000100111010111000111
594	0110000010100110001011001111011001000001011011101101111111101001111100000110110000010110001111111110
1890	1111011001101001000011010101000000100110110010100100001111100011000010011110110010101100010000000101
2307	1111101101101111110011011100000001111001110001110111101010110000110100101100011101010000100110000011
9069	1010001101011010000011111000000100100010100010111110110010000001101110111001111010010111001110010110
672	0101111001100001001011000101010110000100101000001001011100001000000110100101100000111000001110000111
8197	0001111110101010101001011001000001100100101001000110011110110001010100010110010100011100100011100011
1249	1000001000000010101000010110000100011000100111101101101010111101011010111100101100111101100011001101
1832	1101001001011000111001111000110101010010011011100001110010110111111110000000000000000111110001110000
2416	0010011000011011111101100010111111000110110001111001010111000000000111010001110011010000100010111000
833	0101001101000101111001000111010110001100001100101111100000110111011101011100001110011011011101000111
3268	1011101101100010010000011111101011101011011011110001111101000100101001111001010011101100011011000010
9335	0001010100001110000010110110100100100100000011010010111111000001010001100111111010110101101010011101
1054	0101010100101001110101100111001001011101011000011110100010101110100101100110100100010110001100011111
7248	0101010010010100100011100100000100000111010001101001111101011001110010011010010010011000000110000100
7113	1001101011011011011011101011101010000100100011010010101010000000101000111011111111010001101001101100
5484	1000010010001011000000001110111100110101001000011100011101100001001100110010110101000101111011001100
1596	1011001010101010011110100000000011010001001101101000101000001101101011010111101100011101101011010000
1281	1011001011011001010100001011001010001111111001000101010101011100111011100110101000101000010011110000
535	1110001110000011010111001001000110101010100101110001101111111100101100001000011111010111010011111110
526	1010011101010100001101000000110010001011100110001101100011111101111010111010100101000101001110010001
3354	1011110101111111110111101100101101010000000111100111011000010100010011001001011010101101100011100001
4513	1011101010000001101110100111011100100000110110100101011011100100101111001111100000001010000000011000
853	0100010000110011111100110011111110001011010100010000001001011111000000010000000100101011000111010010
553	1010001101100110100101111111110111011010110011110101011010000011100001111100111101101010100110111100
5210	1011011110111111011000001010010010001000101000110111000100100101011111011101101000010111101110000010
7998	0110111101011010000101001001000001111010100101011011100010011101000011000001001101010001001010001110
1835	0010110100100010000000110001111000100001001111001111011101100100100100011011111001101111010101100100
7011	1011100110100010001010111100000010101100110010101111001100110110100111100101001110111001000101000000
931	1000100111010000101011100100000111100010000100001011011000000111000111011011101100110010111010100110
9575	0011100000101011111001101001111000101010111000101110011111100010101010001100010011111100110001011111
2874	0000010001001011110010001010011101000100010100011011011110011111011010011101001011011000100101100100
6560	0110010000111000111101010001010100000011011100111100111101100110101101110000000000111100101001001101
6100	0010100011011000000110000101011000000000110110011001111111110110101000001100111110010111011111110101
9783	0001100000001111011110101001000010001110111101100010111011000101010000011111111111000000101111001000
1551	0011001110000011100010101110100001010000100011100011100001110001001000101100100110110110010100010111
2762	1010110000110000110000001110010100000001110110100101001101111010110101101000000010100110101101111001
1499	0010000111101000101001000100110100010101111010100100011011010100001010100010100100010001110111011000
7540	1010001101011001101111001110011010101010110100010101000111111001101000111010011111101000001010100111
198	1010001000001101001110101011110111110010011010000101100011001100100111001000010101110001111111101101
8235	0100011101010000111001111001000110111100011111000101000100010011000110111011100000100111000000001001
3254	0101101111000101110101000010010000100101000100001000001011101000100000110000101100100111111011111010
5394	0111011001101000011100010000111001011101010101110010011000111100011001010000110000010100000011010111
8635	0000100000010111010010001001000100000011011100110010100001011111101100010110111001011001001100101000
8157	0111111010101100110001001010110111011011111011100010101010100100100010001000101001001101010100100000
1993	1011001110111100000000100010010001100111111110110010111001011111011110110011000000000110111111100110
2765	1100100010010000101101100000001100001111000111110100111011100111010110001100011100000110001100111100
7990	1000010010000110010010101001110101011111011100110000111110001111001000001101111001011000000010011010
1588	0111011011100110111101001111111111000110111001000111100011010110010011110010001001000001000100001101
2224	1111100011110010101000000010101010010010110011110000101101110101000111111110001000001011101101001110
166	1000010001111100000101001111000110011110110011111010101100100111111000010110010000000100011001111101
696	0101111000001000001111000110111001010100001111011001001111110111000101100101100111100110111100011111
7032	1010001101001100010101100000001110110100001110111000101100010110100010111011111101010010100111111000
9447	1011001110001111111101110001100011110000010111000011111000000011110100010001011001111101110010100001
701	1101011011011100001111001010101010101111101100111010010100110000111010101101101111001011110011110110
6048	0000010100111011000001011100001110010100100101010111010100100010001100011100101001101111110011110110
1945	1010100011000100000001001100111011010010101010100011000011110100111001100101010000111010101001011010
8167	1110001000111000010100101011111101000101000010011000101001000000001010110110111111111010000010110111
4592	1001000011000111111110011101111110110000001000110011000000110111001101110110011110000101110111000111
9027	0100011110100001101011010001100100110101000001101011011010111010011101101001110101001010010100111001
606	0101110001100101011001010010101000001000010101010001000111001110101100110010001110110011011101100110
9587	0000010111000110100111100010100010100010110011111110011001001100011001000011001001000011100110111001
882	1010100100101101001100100110110110100011011000001101000001000101001110100110001000010111010001110101
1915	0010100111010101101101010000001000110000000111100001011011101100110110010110111001001011001101111001
991	0000010110111100110110010001100110000111111011001011011011101000110111011111000111000111100111010100
1060	1111001010101000011010110110111001111110000101000011010110010100001110110101001100000100011011000101
4671	0000011111001001111001011011110001010000110001100110100001000000110011111010110111110000101000111000
1966	1010101010010000010110101100111011110110101110100110100001000000110010010101010001011011011100100110
6115	0100101101111110011011110100010101111011001010111111100101010100110111010000101001101000010100011100
8674	1011000111111110011000011111000100010010110100110110100100100111101011111010110111100001010101000111
2494	1000110000000110001110011101110001100111011001101101000010111000011011101001101111010001011100100101
18	0000101111000010101101101111101111101000101100101101110111110100000110001011010001110001000010111001
219	1100000100101000111100110000010010110001101101100000111101010101101010000000001001111010101000010011
324	1011010000101110001011001001010111001001011011100101111101100011000100011101111010011010011100111010
1447	0111111101011111010011010000111000101001010101011010011111101000101110100110001100100000110001001111
5343	0110010111011010000100000011001111010101101001011000101101001101010000001101100001100100110101100100
5536	0000010000011011100000011010101101000011011001011001110101100101000000110110000000101010101001011001
9209	1001001101000001001101110011100110001010000111100000010101001101101101000001111110010011111010101111
6183	1110101010011010100110100100000110010100100010011001110100011001010100010100110101110111110110100110
2357	0101001001000001011000010111110010101010000000000010110110110100101001100011101001101000001110000110
5098	0110010100001000001010010000000001111111001111011110001001010010110101001001010011110110010111000001
998	0111010010011000110011011010100000000000111001111000010110001010100111111001011100100110010101100011
8482	0111001000001010000001000100111101100101110111000001100110010000100111101111010110101010110100110100
2959	0101011000101100010100001010110101100110101110001110001111110110100101000100111001001110010000100000
5187	1110011111101011001001110100001101101100100101111001000000111110000001101001110001010100100011001001
1042	1100010101011110010100000110110100011000101111001001101010011001010000001000011010101010000111001110
1656	1010100001011000000000001110000100100010111101010101111000010001010011011111101111110001011000100100
3064	1010101100100010100000010001100001110111001101110000110111000101100111001100001010000111010000011000
3323	0100010110000011110110001100011100101110001110011100011110101111011100101100101111010011100110011111
9329	1010110100000110001010110101111011000111111101110100100001011001000011101101010010000101011010010001
9578	1101011101000111110101111101011001110101001001000001110010110011101100101000001000011110010000110001
1836	1111001101001001011110100110101111000101010110000011110100110110101011101011100110000100100111001011
8796	0100000010100000100110001110010011100011100111110111011100111000001000101101001000001000110100101011
2509	1100001100110111011101001100101111101001010010111110001000011110010110100010001001100111000111110011
2141	1101010011011010100111001100000100010000100000101011100000111001010011001110100001101111111000010101
674	0110111111100000100011011110010111010100100001101110110110010110000111001010001010101001000001010011
1632	0111010010011000111010011001000101000000110001010001100100000011110100101101001101110000110110101101
1595	0111100001010010101000011010001111001101110010110001111001011101100000100001111010000100000000100110
7216	0000000010110001011100111001111110001001111101010010010001100010001010010011111111101000011110101110
7048	1001110100001101111000111001110010001000011111010110110110110110010011111110111011110110101110000100
833	1111101100101101111000011111110011101000110011111111000110001001100010001010001011100110100110001001
3116	1000100010101001010001100000000110001110000000101101010010100001000001010000101100011110101011000100
5723	1101100010110001011000000110010100011100001010001011100011110110010110000001100111010001010111011100
3646	0000111000110101110000101110101001101011000000000110101011111101010101111011110011011011011101001010
1185	0000101011100000001110111111111111110001110000000101010110100011010100100011111111000101010000010010
3426	1000011000011000001000000000111111010000010000101011101101001110011011000011011110101110000101000000
4008	1001001000001110010110001000110100011111011101011111001010110001000001011010110110110001001101011000
5160	0001010111101000101000000110110111100100011110011101011000000100100100101001110101101101011100111011
5003	0101001000100001111100001110110001000101000101111010011101101100100011100011001101011010100000100100
2246	0100000100111011111101010101111001101111010110101111010010011000100001001000000101010110011100011010
4150	0010001000000010101100101100100100111111100000100101011101000011011111100010101101100101000101011110
4670	0110010100001111010011100110101100001111100011111101111100100010001001001110100111110111100010010010
873	1110001001100000111000010010000101000111000111001000111001001110101011001100011101100000110011011011
4055	1100010010011001010111011100100001101000100101001000111001010100011010000110100011101011001110110011
6555	0011001100001001101010100011101010101011101000101000111000001100100101010011000000101101000110001000
