Size = 100 
Clusters = 134 
32	23	0
35	10	16
29	36	23
61	87	22
38	91	86
7	61	46
62	73	17
4	81	30
68	70	66
17	9	23
61	82	30
66	5	72
47	35	57
11	5	83
73	16	47
6	29	50
42	50	53
52	72	34
88	86	71
54	68	10
32	19	81
54	95	59
77	99	59
42	64	42
33	12	51
13	16	5
61	9	36
90	14	14
13	49	16
42	36	53
87	34	82
50	17	1
81	94	58
2	10	44
75	23	58
23	1	60
17	69	13
35	68	91
84	30	47
61	41	40
6	65	97
40	65	5
95	60	81
18	7	43
81	42	99
16	44	0
76	56	19
60	6	81
0	82	14
21	40	99
48	69	21
93	16	71
52	23	60
13	13	97
60	54	56
50	46	95
39	7	78
61	54	38
68	87	93
54	49	14
19	69	25
84	88	42
95	43	40
37	90	83
98	13	70
11	23	11
58	56	3
58	29	17
40	29	35
51	86	53
82	14	22
81	98	71
86	21	78
62	92	55
86	60	56
28	80	77
29	17	17
26	88	72
18	28	73
38	74	54
23	45	48
91	69	13
66	88	54
49	79	25
40	86	55
8	71	49
53	0	2
48	73	81
68	79	95
80	8	7
56	62	51
41	12	9
15	73	75
37	91	67
93	96	89
58	67	87
45	59	22
56	41	44
32	46	77
13	28	43
27	61	48
77	13	0
5215	1010000000100000010110000101110101111010001101001010101101110000000111010011100100001110010001101101
4350	1010100011010001110101000100111111110100010001100110101000110000010001111111110101001110100100011010
6480	1011011100000001001000101001101110101011100111001010001000011100001110101010101110100101101100100010
7820	0001111111001111111011111100100100110011100001010111001001001001011001101000001001000100100001100011
2346	1100001010010011001111001110011010100101101111001100011100101011001010011001011000100101100011110000
6815	1011100010010000001110101010011001010011001000001000001110001001101000110000000010111110010101010100
5583	0000011001110101010101101101101100001111001011010001111100010010101111000000100111100010000001100010
5896	1101010010001101101111000001101101110001000011011111110011100000010111101011100111010010010000011001
7036	0010100000101000111111011111110000011111010101000100100001010001011110110011011111100011010100010010
7236	0010001110111111100101000001111101110101000001010110101101000101001000011110100100111010000100110011
3276	0100011111010100100111011110101000011111001010000111101110011111100111010000001000000010010111010000
7978	0011011100111001001001100011001011001100000000001011111101110000011100100011100101110001110110001100
2235	1111100100101000110011110101111010010100001100110010101110110110100110000001011011001111111111110100
4662	0110101100100110000010001111001010110001000111011011001100101110100001100000100110110100000100100110
7961	1000111001101001000010111101000001111000110110011110101010001101011010110101000001010101000010110011
1918	1011110011010111001001010110001110110110111011000101000011001111111010001001001011000101000111001001
4545	0101110011011110100101010001010001110001011110110110100011100110001110111000001001000101110000100000
3711	1110101110010010000100100001010100011110001111100111001010110000010011010110010000001001100101000100
5805	1010111000011000110100000111111101000111110100101110010010011001100011001001000000010000010100111000
1237	0010100000110010011000110110110101111101010011101011101110010010111011011100011101001011000010110000
6271	0110111001100111001010101100011001110001001010110100001010001111000110101010001010001110011001001011
8993	1111001111011100100111111001010101111001100101111100111111000010101111100000100000010100011101001111
4391	1001011100001001100010011010110110111011100010000010111010111010001001111101111101111111000100101011
4536	0000010110000110010110010000110011110101100111111101010111111000110001001001110110011000001111001111
7648	1010101000001110000011001001111011110101010101110001110101011000010001001100110100110101010010011000
4773	1000001000011011010001100010000110100100000011100100001110110001110000110111110101101101101010101000
2373	1010111110010100011010100111110010011101001001000100010001111011000100100111111000010001001000000000
5758	0010111011001101010000101100001001010010001111001000100000100011100101100110111111010100100010001110
7360	1010110001110101000101100001001010101101111110001110001000101000010110010111011000100000010010001111
1078	0001100100100111011010000011011001010000100010110011100111011011101101110110010111010011001100010001
3124	0000001011000111101001010000101010000111110101010100000110011100011010101000011001011110000001000011
2316	1000101010001100111100001101010001111010100001100101011111101001001010101001001101110011001010001110
1549	1010011111110011111101110100100101100111001100111010111000111000111100110011011101110111001111000010
1326	0000101111110010010011100100101001000100111000001001011110101000011100011001010010110111010001010101
7850	1000000010010001100110011011101100101001000010010001001101100000000100100111001001100110011110110000
764	0000000101010111100000001000000110111010101000001101110111000101001101101101000101010101001001001000
3902	1100100101111110010100110010100100010101010010000000010001000000100010100001001110110111110101101111
4210	0110100101111010010010101011000100010111000101101111000101001000001001010010111111111101010101010101
6322	1000100111111110011011111011101011101111100100000000000110010111100101000110011100110110010100000000
4977	1101100011011011011001111110101101110001100110111110100011001011011100111001000011100101001011010000
2996	1110010001000001111111000111010000001111110011011111101001110001010101011011110101011100101001101101
5081	0111011011011011110000110010110111000000111100110001111001111010110000000110110000101000110101100001
9016	0010001000011101010010101100111010001001111111001000100001010011001010010000111110101101011011110001
8377	1010010010011000100101110110101010011110011000001011101011001010010011110010011010111101101111111101
2430	1011011100000000010110011110011111011000000010001000100000111000011101000000100110010100101011010010
3874	1010111011111110110100010111011110101011000000000110011011101010100001111001010101010001001010010001
2021	0011010011111110101110000001101100010100000000011110011110110000110010000101101001001000010111001111
7507	0000000101001001100101111011010000101110110100011110011110010111101100000110110111110001110011110011
5921	1000100101011011001011100101101111101110010011100110101100101011011010011001010101111101011100011010
3093	0010001001101011111001100000010101000111011001111111010011011000001001111000011101110101010110010111
5916	1101001010110100000001000010011100010010111111110000101001110101011001011100001100110110100110000110
6610	0101010101110100111110010100010110011111100101010100001111011101101100110010110001011110000111001011
9030	0101001101110001000111110101011001111010101101111111000110010011010110010001011101100000100110101110
5418	1001000111100111010000000110011110011100001101001110011110001111101011101111111010011011100011100110
3190	1011101110001011110000100000010100010000101010110110100001001010000100100000011101011111100101010010
3907	0111101001110100001100111111100000100000011100110011101101110101100001100010100000110010110010110001
8645	0100111011000001101010110111101000010010000011111101100010011000001001010001001010100000100010001010
9625	1011001101010111110111010110100111100010011110111111111111100110110111001111011000111001000101100100
8170	1111001010100001001000011101000110110110011000101000001000000110101001110000101000001000011000110101
475	1111110100111010100100101110101111010000000110111100010101000001011111100010000101000010011111001000
9555	1111001110011101010011110010011000000111010000000010110100010110000111101010010110010010101110011001
1346	1100100001000010100101000000000111011000000000001011111101011101001110010010100100111010001000100010
5745	0010000100110001001100100000001001010101011110110110110111101101010101001010111100101110100111110011
7796	0111010000001010001101111011101001011110001001110110111010101111010100110011010100000010111011001100
8792	0111111110001011010110010110001101100101000000010100100111000010100000101110100000010100001001110000
4413	0011001001001100110100101010100000101101011000011101110101011000000100001011101010110000101100100011
8985	0001100011011010000111100001001000110000011001001111100010000000001010001100101010010101100001001111
9945	0010000011000000110001101011010101110000000011101010001110010001001111101111100101000000011010101000
3700	0110100000101001100111111010110001011010000100100100111100110000100010000000011001100001011010000000
2707	0011011100001111010101001100011101000001111110110110111110111110010101101011000001011010010011001000
8568	1111111110111110011101001001011100011110110011011000100100110000010110111100101100000011101000010011
4351	1011100110110100010111001010110110100011010011001000011001000010001011101110000010000010111010000101
6530	0101101111010110111011101001110001100011111011000101000101110100010100101111100001000000000100101000
1647	0111000000010000011000100000001001111010010011000000011100111101101101001001000101101000101111111101
2418	0000100000100010001001000100001011111110110011110101100110000101111011001001011101011110100110101100
4166	1010100111001010111100000110010111100100101111100110011010101111111000010111111000100010101101100000
5100	0101110001001110100110010011110010000010110011101000101000000010111001101001110001110000101111101100
9055	0101110101101001101101011011011110100000001100010101110010010001001001000101110000110101001010001111
3549	0110111000100000010100010011111101010010011100011111000101110010000110000001111001101100110010111111
1872	0110111010110111001001010110111010001010011110010001010000101111100011111001110001010011000010110010
8753	1001010011001100010010001010110000001111111110001100011011100011010111101000011111101111101011110100
6431	1001101001001101110001010100010111000101000011000001010100000110110111101101010111101100011111011001
1125	1001101110000111001111000010000010101100110001011000011101110101100111110100001001111001100101101100
7617	1101011110101010011101001001000111001000001000010100101100011001000111100001001110011001011010111101
836	1010001000001101011110101001110010010100011100110110110011000010101100101111001110000011001001110010
3559	0101110001100000010100001010100011010100110111111101010001011111010111101101011011100101011111011100
7196	0010101110011000010100000101011010110001000000100110100001101101000001100100100111011000101110000101
839	1101000010000110001110000101000011111100011110011110100111100000000001010011111000100100011100001100
8822	0110001000001110010000010110100111100101101000011110011101101111001010011010100101110110010011010110
4722	1101001010001101000000010001011001000100111100110000001101000001010001001010101000101000000000110000
7971	0001001000101110001110000000110001000011010000000111001000111010110000011110110100000101010000001000
3131	0100111101101110100100101000001110111101111101110010001011100000010011011011111010101110011001011011
790	1101011110011000101100010000000100101101010111100011010110100111001111000101110001010111100110011101
1154	0111101000111011010000100110100100100100111011101110110010011111010011000000111101100010011001000100
7167	0010100100011010011100100110101111011110100001001100011000111100010000001001111110101000100111001111
1976	1001110011111000111111110110111011000101101001000111011100111001000110011000001010010100110100111011
9560	0110010110100110001000111011110111100110111000001111000001111100010111000110011100000001000010100001
755	1110001100001010010011001110111111011001110110111101000100000111110010011111000001100000110100011010
3045	1110111000000000100000001111111100100010011010011000010110101010001110001100111100011010001000010001
5627	0010010101110000000111011001001010110110111001010001110111100000110010100101110100110010110101111010
2579	1000101011111001011110111101010100100100011010000111000100011001001110000101110100110111001010010010
781	1101010100101111101111000010010001110010101001001100100011000100001001101011101010100011110101101000
999	0101010111110111101010100111101001011100110001011100011010101101111110000111010111010000001110000110
5195	0111111001011000101110110100010011000011000000000110011101000110110110000100001111011010010000100100
2255	0011010000110101110001111100001101101010010001101011010111000110001111010100111001001101110101100111
9629	1001110001101010000000000001001100111110110100100001111011111001001110110100110011010001101100011011
7924	0010110101001010111100101001001000001011001001110111111010101001010101000001011011111010010111110111
9483	0100011110110010110011011101101001011000100010010100001010101000000100110000010101011111101010001000
8031	0000101111010110010011001101101000001110011100110000001001000001010101101000000100000101100101011100
21	1011111101011010111011100010110111010010111101110110011010010001010001001001001011111000000011000010
7450	1001110110000100001000100111101110010101111101001001101101111110000001111000011001110101111010011000
6925	1110010000001001110110001101000001111000100100111100010101001001001001100100111011011000010001100101
7850	1110011101101101011110010110000000001100011001111110110001110001011001010110101110111110100101100010
4626	0000010110000100011000111001000001110101110110010101001101000111101101010011100011101010011001111111
9807	0000000111001111110001101001101011110000101100001110010100110110110011010110000111111100010000010001
4921	1010010101001011101001100101010010010110101001000110111011011100100001010000011110111011011000011000
1839	0111101001011010000011001010110111110010011010011001011011111101101001110100011001000000101011011010
5535	0000111011000110111001001100101110011110100011101101011100100010110001110010101100010110010001010001
6799	0111000010100101011001001000010101100000100110011111111100001001001000110111101110000111000111011110
6173	1000100100101010111101101001011000101110000110011101000111010001001001110101111110000001110110001010
3066	1110100010000110110011101011110110101001111010111011110000100010011011000110000111010101001000110110
7368	1100111000010101100100111110001100100111001100000011010111011000110000110001001000001011010001000110
6120	1000011110011101000000001010101101111000000111011011100100111100010110100110010100000001000011011111
1255	0000111100101100111011100101011011011111000100000010111111001101100110111000011101101011010000011110
4546	0100010101001110111000110010011101001010111011011011110111110110111010010000110010110011010110101110
7585	1001010101111100100011100000100101111111101010111000100000001000011010101101000101111011101100011111
388	1011111110100100100011100000011010000110010001010010010010100111010000100011011011110000000100110111
4512	0111001100111010000001101101110000011101010000011000011000000110100011100011001011001110101110011001
8084	0000001100111010101100011011010010101111011011110111101111110011111001101011110100001101010001000001
9479	1000001111011000110000001101111011001010001010011000000111000011111100001111011101000010101110101010
231	1000011001101010101110111101101000011001101000001011110110001101110011001010011101111000100110010001
5483	0001100011010110001011001111110101001010001110111100100110010110000101011011100001110010001001100000
2773	1000011001111101100101001111001110111010111101101011100101101001111111100110010001011111010111001010
6966	0100011100011111101100011101011011000011000100111100000100111100001111001111001010000111010001101001
