Size = 50 
Clusters = 52 
95	25	0
68	50	77
40	55	28
13	96	68
33	12	9
2	75	17
96	75	60
80	20	72
41	21	86
78	92	44
2	99	37
60	2	43
14	91	0
73	83	3
16	5	51
5	67	83
55	48	1
21	93	34
44	70	54
45	0	91
80	49	3
75	45	75
22	38	71
39	6	49
62	2	50
63	54	10
42	43	5
0	52	69
47	38	7
62	55	53
41	87	40
60	64	96
10	18	67
31	40	46
35	62	33
82	96	75
36	76	77
64	83	98
16	12	66
59	94	5
84	8	60
65	69	9
16	35	92
92	79	47
63	19	91
61	22	96
88	88	39
31	48	79
3	84	71
12	46	47
58	4	1
79	23	0
901	10000111010010101111011011000010110010100001100111
2183	10111001001000000110010111010111101100110100110011
1475	00001101010101000101001011001110100011000000101000
1445	10011000001001010010101100100110100000000101111111
1456	00011001011011001001010101100100000010100000100111
3335	01000100110001110011111111010000001111110101000101
1280	11001001010011011011110100000001100010101110011011
287	00001100100000100010001111100010101010011000011111
1282	01101110100011010100110010100000101001000101101010
1482	00110001100110000100100111110010100001110110111110
4471	11010010111100110010100001101010101011001111010101
2102	11110111100111001111100111010010010110100101111000
138	01111001100010111010011110111101001111001111110101
1022	10100110100000001000000011011010001010100010000100
2153	01110001000101010001011111001010001000111111111101
289	11010001001010011100100110111011011001010100101110
1461	11101011000111000001100000100000011111110010101010
2664	00000111000011000111110000101110100010000000001100
417	00111110110000100011111100101010000110011001010011
2721	10101000010100100011001001011101111101001001101001
3030	11100001101000010010110100010011010100000000011101
2460	10110011101010101000000101011101000100010001001010
106	10100011000111010000101110011011010101101100001110
47	01101001011101000101110111100010100110011100100001
4792	10010101011011110010100000110010111001110011000010
1373	11100110010111111010000110011111011000000110010001
324	11101000100101100001111100111001001011011001100011
2796	11111111111010111110001110100110011001000111011001
1988	01000100010111000101000111101000010000101100101001
678	00000011001010101101100110110011011100010000010000
2453	01010111101000000101111001111100111101011000011010
31	01010010010011100110110010011001111100011001011101
4863	01001101000100111110110010000011001111101111011000
4578	10101110111100110101000011110101010100111010110101
2454	01000111011110111001110001111111011011101010101011
4850	10000000110010011101100011010100001111111101001110
2398	01101101111010011110010111010000000100110110001000
328	10001100000110111101010110101100101000101101111010
4403	00000010100011001111001000111111100010010101100100
677	10100100111111001000011111110100011000001100100101
349	10001100100111100100100010101111001100000110111001
122	00011111111001110010011100000001010111100100101010
4736	01000010100100111100011001110110101100011011101010
4694	01101111000000001100110000000011101101110101100001
3172	10010000010001101000000100001110100101001111011001
2695	11110011000111010010100110110000000110011011000010
2896	00011110011101101001001001001001010110000101101110
4584	00101111000100111010000011110000011010101000000110
2907	10001110000111010000111101101011101011001110000010
2830	00000000110101110101010101001101001000110111001111
3424	10011111010111111010001101011000010010010001000010
1643	01110011100010110110101011001111011110000010011010
