Size = 100 
Clusters = 110 
33	54	0
21	60	42
88	96	3
55	91	74
45	15	74
17	86	86
38	60	21
36	86	37
65	45	64
10	37	80
82	10	84
8	43	36
88	18	39
60	97	31
12	80	6
4	17	30
72	47	70
62	43	82
93	84	39
76	13	56
45	70	45
36	83	87
75	97	85
50	19	61
95	21	72
17	21	80
94	38	96
45	75	43
37	66	20
90	88	93
37	74	20
99	0	18
34	81	92
75	67	63
97	90	10
58	58	10
98	29	85
43	29	2
57	59	97
18	80	43
25	31	9
59	95	21
40	66	63
44	88	91
83	63	92
42	3	90
55	1	71
54	35	89
96	85	8
71	15	57
3	84	36
83	80	27
45	8	79
83	55	75
61	33	58
64	16	73
62	29	55
69	96	23
83	48	83
59	71	64
69	70	62
83	42	87
22	14	54
20	57	25
4	99	19
62	31	42
0	22	59
50	7	75
23	85	43
73	64	44
73	69	42
91	79	71
97	38	91
83	96	19
5	95	9
70	34	14
27	69	66
81	83	18
41	98	99
40	61	98
73	95	90
14	33	47
2	99	27
90	74	21
12	96	16
25	44	65
1	35	72
34	32	74
44	74	36
47	74	73
83	2	6
68	80	46
43	23	98
90	86	49
3	74	69
98	38	95
26	30	90
38	12	7
14	62	86
62	99	10
67	48	33
28	0	0
8203	1001101100101110100010000111111011100000110101000010100000011100001110010110111110111110011000100111
7732	1111101010100000100101110011011101110110011011111111111011101011000000011001101100001111011111101111
1882	0001000011111111110000100011101111100001100101010001100010110101110011000111111010111001111000011101
9941	1000010001100011101001101111010000111001000010101110110110110110110011101110111001111110011110110011
9223	1001101010011010100101100001100110110110011111000010110010100010001111010001101001010010010101000000
2510	0001110100101100001110111100101111000111101111001011000010111100001000110010110000100101011011011001
8991	1101000110011101001001000110010011011010000100010010101101000010110101000010011100110100010100000100
5890	0100010101010100011010001010100000001000011110100100010100100110001010000001000100011010011000101101
6483	1010111111101110010111001100110010100110010101111000011110000100101101101101111101001111101011111111
2733	1001010010100111101001111010100110111010000010000010101010101011011000110111011111001100101101111100
990	1100000111101010001111001011010001010100101011001011000101000111010101111111010101110011100010000101
3227	1000110011101001011101000110011000110010111001111000010000000010100111111001011100111100001000000011
1365	0010101101010101011001111101110010100111000101100010001110001100110010100111010001000011110101101001
1697	0101011100000001111001011011111100111101011011000011100000010111101001011100010100011000011010110111
7646	0111110010000101111010100011111000010110000110011111110000101111101101111110010001011011011101001101
3622	0010010010101111000000001110000011110101111010011111100000101110000101111111010001111010100010001001
1461	0111001100111101110000100101010010010101110001101101110110101010110001100100011001111011000010011101
2755	1010010010000011110001001001011010101000010110010010101101101111010111100110101111011101001110010000
6398	0101100001110111010000011100001001101101100110111010100110011011110011000000101100111100010010111001
305	0101110001101100001101111111110011111101101110101000000000101111101011100100111010110100111011000101
1154	1001110001011111011001110110101001100111010001110001111101110010000100101110110110000000100101010000
3450	1011101101100000100101011001000001101111011001011001111111111010010101101001001011100111100000111010
5541	0100100111101101100000010010001010101011110111101000011001100000011010101011011100000010000010101101
1104	1110100001000011010100001100010110100110110000000011001111100000100010011011110000101100001001000000
9977	1011011110101000011011010011000100000100011001000111001100011100100010010010010001100000100000001010
4834	0100000001110010000000110110111110000100011100010001011110110000000101111101110111110100010101100010
6373	0101110110111000111010010100000110110111101100111101101000001110111100100011110100111011101000101110
4803	1010111101100110001010000100100111000110111000111111110110011011010101110011001011111000101000111010
1316	0110011001101000100110000101100001000101101010000100100110111001100110110011001100100110100001000010
777	1001011000110111111101000010000011010111101110100110001100100100000000000110000000100011111010000010
3110	1101100110110100110000100010001111110000010110011110001111011101010111101001100111000011011001100101
8107	1111010101000010111100001010011101110110010111001101100101101111110110011101100111100100011001100010
3199	0000111110010001110011011000110011000000011000110010011100111000110001000111001111000011101010001011
8139	0001001110000111000111101100110101010011101000100100011101011011001111100101100100100011110001111111
914	0101111000011010000000110111000100000101000110100000101000110101100010100100000010100100101010010010
2430	0011101101001111011011011110010110100001101101001010010000010010100100001101010010101111001001011001
6688	0101000011101100010011011100110001110000011001011100110111111011100101010011111010010101011111000011
9824	0011001110011011110001101011010011111110001110001111100110011001101111011111001100001010010010010110
5772	0101001111101101110111011101100011101001010100001011110100001100110100010111011001000010111001000101
1640	0001000000010001101110100100011001010010110100101000010101010101010111001000000010111001001001111100
7431	1011110111011010011011000010110110010111100000110100010100111110100111001010100110011011000110110010
3284	1000110000110001110100100001000000100000101010010100110111111110110101110110001100101010011101000011
8903	0101011100100010110010111010100001010100111001011011001010111000100110010101110011000001000100001001
612	1010010000110101110111110111010001011001000110111010111011010010011100101100110000100101011010100101
5284	1000011111000000010011010110001100110110100110110110100100010000111011110100111010110011000000101010
8023	1000010110100110010000010101100100101111011000110100010010010010000101101010101111100011000100010111
8771	0110000100101111010010001001001100010010110011101101011011010111100110000000010111100001100011101110
1244	1011101000011110011100110110000000011111010010111011111100100111100001101111010001010100010011000010
4344	1010111110001111001111110011000011101011110111001111101000011010100110111100001010011001110111101110
374	0100111101011000011100010010000000000010100011101000100000011110000000101100000100101111011000010110
9578	1101011010011110011100110010000111111110001010010100000100000000010101111000110100011110100101100100
9005	0100111110010110000000100111000110011000101011000110000001010111000111100000111101111110110011000011
1517	0000110001011111000001001001001110100101010100101011000010011000010111110100110110000010001010110101
7401	0110001101001100001101001001011011111110100010000101100101010100101101111010111010101111101001100001
1436	1111110110010010101110000110101110111101111110001010100000100100101100110100110110011000010000011010
5165	0110100110101111100011100111100111010000011010001010001010110000000100100010100010100001000000011010
2746	1010100010111110100100000001010001101110000010011111000100110110110000011001010110101111111101010111
973	1000100001011011001001000111010011101111111000000010110100011010100110101110011001110001100110111101
5111	1111110001011011010011000101010011110001101111000010111111100001100010101111101100001100011001111011
1153	1010100111000000111000110100111100111010111001101011110111111101111000010111111010101110111010111100
9921	1111001100110100111000100110001000011100011010000110001100010011101100010100010000110100011101100010
7077	0000101000001001001101001000011110101110000010000111001001011111110001010001110101010110100010010101
3610	1100100110110111101101010001011000010011001111100011100010110000101100100110011011000010011010010111
4922	1110110111000011110001110010110001111100110101111110010001001010100001010001101101010011111011000111
5931	0011011000110111110001111011010000110001100000001011101010101111001011110010110110111101110101101110
4348	0011010000100111011110111000010111110000101010110110011101001111100000010100000100011010100001001100
9195	1100010101111001010000001011011010011001111001110011101101011011110011101000011111101010001001101000
7663	1011000100111101000101011001111010110011011000001001100110100001010010111001010011000100010010100100
9335	1011011011011110010100000010100000101001001001000010110001100000001011100100111010100111011101100101
8606	1110010101100111011111010111000010000010010000101110111011010011111001000010001101101000101000100011
9176	0111000000101101101011101100110001100100001000011011110101011100011110110101000011011100000001010001
5200	1011111111000000010000011010010001111001001100101011110011111010101000000101110110011110110110111110
8254	0010100000001010010011101001000110100110011000010111100000100001010011010111001101101101110111110111
9319	0001001111111001100111000010111100001001001001001111101100101010000000100010100000100101101100101110
3355	1101011100001001100011010010111010000111001000010010010101010010111010010001111011001000010110000000
2217	1011111000100110011110001000010100111100100001010100101000011011010111101010110100001101010010000010
6506	0011110011011000010100101100110101000000111010001100010000110101110101000010000010010011111110110001
1131	0111110110010100000111101001000111000010011011100111000110010111101110000100011111001000111001001001
3441	1111010101011000001101011101111111101101100010101100011110100010100110110011001000110000000101011110
5	1100001010010011101010001000100011111111001010111110111011001011000111011110010011000000010000000110
2360	1010100000110001111000100101001111010001010011101010000000000100011000101011111101101010000011010011
839	0010001000111000011101001100001101010011010001011010111111000111100101000001100111100100101110111111
2027	1100010011110010000000001001000011111111111010010001010101001011101011101111111110010001000110011111
2309	0000011111101010101011000010011001111101010001010100000111100101110011001110100011110101111011001000
9546	1011110001111111101010001010011110101101111100101110110010101101110011100101100100011011011111111011
3848	0001101011111000100101111111101101111000010011001001101100110101010101101101110010100011111011110100
3781	0110110000001010011011101001011111010101111010101010110111100011000111001110100101101010001001101000
1825	0100111100100101101101101001010111001011110101111000111001111111110010000111011110111101101010010011
4577	1010011000100100001001101001111000011100111101011001101001011000001110111110100001110111000110010011
5130	0101110011010101001100101111111000101100010000001010100010001110100101111100010001010111110101110011
1527	0100100110101111001100111010010010010101010000001101011100001100110111000100011101010001010010010010
2382	0101111110111001010010111010011100010011111010011110011110110100101101111100100101100111110011010101
1419	0101001110111111111011001110100100100111001111110100110100101000101001111010111100010001001111011101
1491	0010100010011100111001110000111111110010111001111011101001100000000110111110001011101001110010010110
2459	1001011110111101010100000111001111100110101011010000101001100111000101000101101001001100010000010100
7664	1101001011001111001000111010011111000100101011100010011000010111111100000110110011111111110110101100
3561	1100010110001010110110001100110000101000100010011100111100010001011100011011100011010100010010110010
9984	0101011110110001100110100111110100001111000010000000100110000001100111101000001110100001011011010111
3950	1101010100100011111100010001110000110110001001000000110101111111010100100010000000101000110010111110
5521	0010000011011100011110001110111110101100001000111111110100011110100010100001001000111100111000101110
3284	1011000001000100010010111100010111111111100010010011001100010010100100011000100100111010010000111111
5615	0000000000101001111000011111011011101100100011011110101011000110010010101001011110001011011100000100
9289	0000111111000111100110001100011000001000110000100000111010000111001110011101001111011010110100011010
1938	0010100110001110101100011000100000110111010001110111101110010011001011100011000010000111000110000111
1728	1101011100110011011101100100001111001011011000010110111100100001111001001111001011110011100001101101
6399	1001001111100100000100100001111001111101011000010001001011111001111000110100111001000001111011100011
9234	0101011100111110100000001011010101100001011100000100000000000011000110100101010111110100001000101001
3713	0100000111111111011010010001110110100011001111110100101100111001111001000111000011111010010101000100
2785	0000001010000111001110100010111111011100010111101000000000100110100011010101001010110100110100011000
5508	0001010000011111011011000101010001001000000011000011110111111100101110101001001101011101011101000001
