Size = 100 
Clusters = 121 
61	26	0
70	70	22
90	33	17
96	57	28
5	26	24
67	24	20
22	52	29
40	94	75
86	9	32
60	41	44
31	61	82
98	42	57
34	84	78
85	15	57
46	75	48
77	38	1
2	13	84
26	59	37
67	4	47
1	42	21
48	25	80
68	53	10
65	69	85
11	66	38
75	88	61
39	9	72
34	81	32
13	45	58
3	73	3
40	70	29
82	84	29
7	27	17
41	26	38
77	9	33
36	9	84
99	53	4
10	27	35
3	95	76
19	2	28
83	37	42
59	80	30
96	45	13
42	98	66
1	27	23
32	12	64
62	51	37
34	16	58
10	12	30
14	99	91
2	27	39
79	30	69
56	9	45
93	25	90
40	24	61
11	97	54
41	7	68
62	13	52
15	3	99
50	91	18
40	60	59
96	95	31
69	81	71
89	97	46
7	81	81
94	21	78
73	81	65
89	35	75
40	34	98
25	95	58
19	68	96
90	41	20
0	29	5
2	1	4
75	70	68
70	76	76
61	79	26
55	30	60
16	83	66
35	15	33
67	4	53
41	2	44
56	18	54
51	46	89
54	70	56
77	64	9
9	32	43
86	61	6
46	4	16
83	92	22
14	21	45
47	78	71
47	0	93
38	43	9
99	31	6
5	49	1
50	21	7
98	53	38
82	16	85
33	51	60
36	1	70
55	10	93
86	35	0
6332	0100110000100111101001111010011010001111111000010010000111100000001001001000010101100000010000001011
7909	1110001010001001101101001000111010001000011010101111010111100101110000111100000011100000111110111001
2431	1011011000111000100110100110000011000100100001100010111001001111110000010100011010110100101011001011
1743	1010101001100110110000100111100101011110110101011101101000111000000001001010111100001110011110001000
9683	1011111011110001110110111101000001111111100101100110101010011110000111101001001101001001100010001000
7472	0011100100001010001011000101111000011101010010000111010001111111011101110110001011011100110000110000
8026	1000110011110100011001010101011001100111111101101000100010111011010010010101000110110101010110100011
3448	0011001101101100011110001010011111000000110011001110110111111111001101000101110010001001000111010110
3452	1000100011000010011110101010100010000111111010000011011011100101010110101111010011110111011111111000
4661	0100010010111010011000111111101110110000110000100101010110010111100011110110010011101001101011011001
8535	1011100101000010101100111010111110011100001111101001011110100001111101000101011000101100011010110100
6649	1100011110110101001100110001110010111010010111111000001110001011001100000000001101111111000011000100
2555	0101001110011000100000000001010101101001101001001101101011111101011101000001110110100000011111111000
2221	0111100110000100010010001011000100011101111101011001001011111001001101000101101110101111110110100110
2693	0111100000111101000111110110000110001100100100000001100110011011001101011110010100010001011110000011
1288	1110101101010111110001111010000001010111100111001010101000101100001001111100000111001011001000001110
9718	0111111010000100100101101001110101010010001100100000101111010101111000011011101100011100001111000010
8679	1000100011011101111110110010110111111000101101010101011001011001111100111000101010111011001100100100
9292	0000111101100100111111010001011011101010110001101001010101111011001011010110101010101010010100011010
6931	1101111001001101011111111011011010000001100000111110011011100011010111111001010000010001011110110111
9645	1111111001110110111011100000101110000101010111100111101011011001110000010001101011100001001110110111
3932	0011010101001101001110111100000010000110010001111011001000110100111100100001001101010001100111011000
9819	1110110011111101101011101100110001111110010010111111111011000010010001011101000100001001110111010100
4676	0100000111110001101111110011011010001100011111010010111100011010000011100011101101100001101110011100
3868	1101101100000111000011100110011011111001011111100100001001101001001010100110100011101100011001000110
2614	1001101111101001110010011110100100111011001011100111101011001000010001111000111001100000010101010101
4437	0110000100101110100001111000101010111010111100001110110001100010111110111000011101011111111110000001
9335	1111000100101000000010000111010010110100000001101010010000111110001100001111010010010101101101101100
1711	0100000010010111101000010110000000110100101110001001111110001000101011011000110001101110100100100111
8385	1100110011000000001011100011110011001101110010010100000000111011011101010000110000100101111001110100
1112	0010011100101101011001010110000111101101000100011000100001101010010100000011101111000111100000001010
1184	0101100101000100001101100011111000111001011111100000101011111110110100111000110100110101010010111010
2917	1011100101110011101100101001110000000100011110111110110011111110011011100101001110010011011110101000
7714	1001011100001001110100001000011110111010110001111010011011101110111110000000011011110010110000111001
9918	1001001010111111010111101101110010110100110110110010011101000101001001000111011110110000001000101011
1608	1001110011101011111001110011100111110001001011000001101001000101110110111000101001100011101010110101
9063	1010001000110101011110101101101110000110111100111001010101101110110110000001100101000101011000011000
3351	0110111000100011100001110000101010110000101111001100100000011000110011100001101101100010111011100000
7846	1110001000110001110110110100100010010000000100011001000000101111111100000111100110001110110010001000
264	1101001110010010010100111010000100010011001001010100110100010011011100011011111011011011011001000001
3593	0110110010100110000111001001100100010010100101111000011010100010110000110101011111101011010001101111
5615	0101001101000110111011010101100010000010010101010100101010100011001101100111101011010000101010110011
2757	0011000001101000100011101000000000101011100000001110001100111110001011100110000111001000010011001000
218	1000111100011111100000010001101100001100000001110001110100010101110101001011101011101001101111110011
5458	1100110110001010010010111111111000010001011110001011110110110001011111110000001010100111110000010011
619	0110011000000101101100100010101001001011001111101100110001101100000111101110100111000100101001100000
7336	0001100111110101101011101001010001011000001000000101100110011000110110010011111000111100100010100000
8219	1111011011011001000011001101011100100010010100011110010111011101010111100010111001100010000110111110
8504	1010110101111111011010001100010010100101011100011101110011100000010000001010010011011100100110000000
3380	0011111011011000000101010011101101000010110001010010010101010111011011001110110101001100101111001111
4030	1100100110000110110001101100111101001100100111001100001011010111111101101010111101111100000101111111
5348	0010010011011011011001100001101101111111101100010001000011110011000000100010011010000010110011001001
7599	0110010110000101111010010111111011110100110111100001101111001010110010011101010000110011101100100101
1278	0100000010000011101001010011100111001110001010011111110100100100011010000001010010011011110101100100
2867	0000111100100101100100100001011111000011111001010100100011011101101111111101100001000111001001001101
8123	0000110010101010100110100010000000000011011111001011101001001011001000111110110110100010000100111101
1924	1011100010101011011110110111111000001110010010000011111010100100011111000001101000110000011011011011
4556	1111001000100110100110110011011111010001111010010100001110101000000010001010111000001011111010110110
8079	0101000110110011110011101001100000000010000110000110000110011101100011101100011011001011100000100000
8517	1001010000110110101001001100001111000101001111110010001100011011001000110000110110001100111000100111
1060	0101011000100010010011011100110100011010010110101110110110000000110110110011010011111001001100110110
5942	1111000100111101010111011100001110101001010111101101111001001101110110010011100010111100000011001000
1120	1111001100110110001110100110001011010001111010000000010101101111001111101100101011001011110111011000
222	0100101110000100101011010001111000100100111001100010011110011011110001111010101010010010001101110010
755	1011011110001101100011101011111010100111011011010011111111110010000001011000000110101010010111101010
2409	0110110110100011011001101110011001101000111111100100011001001000100110011111100011010111001010000001
4756	0100011001000000000011001100000001000101000000110001111001010000100101111011111010111011111000110001
5756	0011000111101101110001011101010111001011000000001000110111110011100101111001100011110011001110000001
1369	1010011100011110010010010011011000111100000111111101101010101100011100000100110000111100110101000010
4829	0101000110101000110101010011001101000010001000010110111010000100011100111101001010000100101101001011
9227	0000110011011010001001011100100001000111110001100001011011111100011100000001010001100101111000111010
5584	1110100011111000100100010010010011010000100011001110100111110110101000101111101001001111110000101011
1902	0100000001101111100000010101011101010100011101100101110110011110000100001110011100111111100110100110
860	0000110010110111100001111000010100111011011000000101100001100110001101111001001010001011001111001101
1292	0111001001101110100011001011001001001000100101111001001010010011010101110100100001001101100110111100
8958	0010010110101110000001111111111011100001010000101110010000110000011100001101000100000011100001000011
2584	1011100100111101011100000100110000110010111111000010000111010001101111011111101101100100100111101100
2337	0010100011011011101100110101010110100001100110110000001001001010001011110101000101011100000111000011
5927	1100000100010001101011110000101000110101011010010100000100111100111011000011001100111101000010001011
4687	0111010101110111100000010011100011000000100111011101101111011000010000001111011100111111111100110110
5268	0011111000111000100001011110011101110010000001111010010001110000000111101110000000101110001101010100
8686	0011010101001111101001100110011100010001000110101010000110101011111110111110001011001110111011010010
2730	1111101110001011101011111111011010111101001111010110100101000011001101100000101000110110001000000001
1716	0001100111110001100001101010101110100111101001011000011111000111101111111101001100000010111101100011
5956	1010111101100110110000101011100000000001001111001100101011111111100100111000111101111001110010000110
2546	0101110101110111111011011001111001011101101010110001010110100001010111101111110111101100000101111000
5112	0101101000011010011011100011011110000100101010101010100000101000101010100000010110001101110101001101
8189	0000010111010011100000000010101001001101100001111110001011101001100111101010001110110010010111011011
5479	1011100110001000010110000100100000011011110001111111111011101101000111011011011001101001111010011001
1419	1011001110110110100011000001010111000101000111000000110011100110100100111001010000110011000011001100
1990	0101000101011110001010001101001101011110101011101100111011000110111100110010111110110001011010111010
555	1010101010001110110010000000111110100000110011110111000010111011110100010111011011001001011010010010
8382	1111100000000100011100010101111011101100110110001111101011100001000010101111001101011011100010011100
4760	1110101010011101111101101110100001000001011011100100101111011000011101000011011011110100010110001010
1335	0111000100100011000111101011111100100000001011111101100011001000001010100110110101110010010101001110
4786	1110011010111010011010101000111111110100010011101011000110000000000000110010010101010111100111111001
3069	0000000111101110100011000100010110111011010001110100010000111011111000111100010100100011010110010001
5425	0001001111000011011010100101001000111110011111010111011000111100110100001100111000000100110010001001
2954	0110000001011011011000010110010010011001010000111010101010001001011110110100010011011000110011011110
5570	1010010110000010100100111110000111010010000010101100100010101101110110100011011001001100001110010110
9889	0001011001000000100110011101011011000000100000000000001010010100000011101011010100011010001100110110
5498	0111001111101001000011011010111100110001110001101011111101110000110111011010111101101001001000100100
8785	1100100001011001000111000101100111111010110100101100000001101111000010101001000101001101001101111111
7399	1000010111001101101011010110101010001101001001111001100000101111011100001010010110010000001100010010
3777	0000000011011100000001111000010001101111110111001100101110101100111111010100000001011001110100010010
6309	1011010000010101000001001010101100110100001110100001001101010101110010101111001011010101010011000000
7029	1111011100100001000001000101111110000101000111110010100101001101111111011000000001100001111000000110
3247	1110100101100111101100011110111000111001001011101111110000101011100110011001000110000111011010111110
727	1111011011010000010010100011001001010101110010001100001011010110110111101000001111101010011010101111
8392	1110110101100001111000000001010101101101001100101001000000100011010111010111100111111001011100101010
6056	0100010111000110011111110000100010101101101101101100100011000100100011100111000011000000000001010001
2620	1000000101111011000001010111111011000110010010001101100101010011101010011111100101111100001110001101
7472	0111010100010000000110011011000000101001101011100010111000000010111011010001110101101111010101100010
2879	1110011100101110100110011111101100001000111110111110000110110011111111111110001111110011000010010101
3355	0001101011101000110000110100011000011011101100111000011101110010110010100101101010010010011111001000
3595	1010101100101100100111110001100101000110101000001111110111100001010110000100010010010101011100101001
4898	1101011111101111101110001101010110101111000011110011100010001001010010010000011100011010111001001011
1602	1110110011010111111000000101000110001011110100011001010011101010000000000100110001010001011111011100
7776	0100000000010011110001000010001101101011001100010010100110111010110100011010111101101100100000011001
3	0110011011000011001000010001011011111111001000000011100110111000100100101110101000100100011001011100
2253	1101011101110110011000001011100110000010001010001010010000010111011011010101011101111110100110001011
