Size = 100 
Clusters = 161 
83	99	0
47	56	84
76	10	42
44	85	29
34	99	47
1	8	10
16	24	80
35	81	57
70	32	69
64	68	25
15	7	56
19	31	27
5	52	17
33	78	67
18	92	77
6	97	21
21	18	57
89	97	7
7	10	72
78	19	56
48	5	74
98	85	83
99	25	93
78	95	85
41	12	1
51	86	9
18	52	32
69	39	17
98	28	13
45	33	45
47	56	84
1	69	39
25	67	70
28	1	29
45	10	87
78	53	48
5	42	85
94	54	11
90	10	63
63	39	90
5	38	65
38	62	67
66	36	71
36	99	42
30	62	7
71	11	81
31	60	49
9	50	83
12	64	25
55	99	37
83	49	6
22	74	22
70	2	4
75	30	57
9	89	75
35	4	72
80	63	58
56	78	22
87	87	4
98	88	89
85	71	89
71	25	6
36	77	38
56	57	99
69	6	45
0	44	73
6	73	29
37	19	83
6	79	32
48	53	19
50	15	50
67	30	50
94	36	61
61	34	57
92	80	57
48	44	19
61	60	26
11	40	87
73	20	58
29	38	34
5	69	2
4	89	49
86	83	98
34	30	85
66	56	50
18	46	33
86	13	89
28	23	63
77	39	66
71	91	60
71	37	42
71	18	61
49	9	87
70	61	67
49	15	50
48	48	48
76	19	75
84	57	72
95	1	80
21	40	43
3	1	92
95	50	0
4715	0111011100011101101001111010001011111100000010000001001001111010010101010010111100011111010101001101
9461	0001101100000000000100110101111011000111010000100011110011000101110100001111100110100111110001011010
6885	1010011000010111101111011111010110111000010101001000000101011110011011001000010101011001111111111011
5809	0001111000101110010100111111111010001001100110001110000000000101101100110000011110010010101110000100
2219	0101010101010100010111111001111011110000010011011001101101111110011000010001010010001100110110010010
1750	1011101000011111011000111101101110110100001010000011000001000011000011010001110110110110011010110000
933	0100001110100001011111000110111001100001110000000000111100011001000101001110100000100100000101011001
8766	1001010100111100000110010111111010100110001111100000111010000101010011101101011010100110011010010011
9232	1100101110001000110010010010001001101010110111011011110001001110111011010000011001100111111010100011
2082	0101001111011010111110100100110001001101010001000011110000111111110011101000011000010101100110001100
2375	0011110100100001011110010101010011000011001000110111010010111011101010101001110110000001001101101100
6393	0000100000101100011001100100100110100110000000110010100111010000000110010110010010111100010110011011
6928	1111000010111110110011011111001010100111111001001010011011100111001011000110011100111000101000110110
8739	0110100111010111011001110100111001110110101001111001010011111011111100100101101101110101000111111100
9587	1011101010010000110100101101100110101100011100110111011110101101011111100010000000110001001001100100
5262	0101110101001101100000111100011011100110011110100001101110110011100000101000010011110111111011110110
8383	1000100001011010011011111101001001010010000001111001100110111011101001110010011100101000111110110111
6669	0001110111110001101101010000010111010011010000000111010011000110101011110000100110101011001101000110
9018	1101111100110110011010001010110110101011010011100110010111010000000101101001001000100111001010100010
5283	0001111010101101000100101101001000010010010001001011110001100111011101100101111110111011010101101001
6162	1000101000100010111110000100011000001000101000101010010010010000000010000101101011100011110100011110
5839	1011010101010000011100101000110101101011011111000011100011001011100010110111101000001010101111010110
2695	0110010001111110001011010111100100001010011000111000000001011111001110011101000001011001101100000010
4736	0010111111100100001001000110011001011111111010010110111101100000011011011110110011001000000000111010
9510	1011100001111111111101011011110010100111101000011010111101010011001010101100011100110011111111011100
9274	1000100110010011100010010100010011011110011110011011000101110000011110111110101101001100010110100010
3801	0000011110011100001001101100010010101000000001010100110001101110000011101111000110001101011010111000
5453	1100101010111011110000110010011110110011100111111000110010011110100110101110000001010100100011110100
7250	1011111100001111111011001010110100001010000000101100101001110100010000100000101100101011000111000100
4535	1011011101110110111011111001010111111000010000110100010000110000110011100110100010111100101101001111
2912	0010000011000011111000011110111011101000001011010101111011110001110101000001001001001110110000111000
1996	1000011111000110001111110010111011101001001111010100101000110011011101001011110010000111000010110101
1481	1001100000100001010011101100000111100101101011111010111111100111000100101000101101001010011010011110
4483	0010011010001010011111111000100100111110001011001010110111000100110111101000011010101111100110111011
2214	1000101010100011110000010010000000111111101111010000001110101010111001001010100110100001110100001111
3145	0111011100100101110011000100111011111100101011010111000011101100001101100000000000011001100111110011
5428	0000000111110111100011101101110000000000111110010101011111010011010010111000010111100010110110010100
2365	1010100111100111100111000100010110110110011100100001000100101000001111110011100011110111001101110100
8416	0110010110001010010010011010001010001110111000000100101111110100010011010000111110011101010000111000
6767	0001001001111011001100000110101001100100100110111110000100110101101011000110110111000100000110101101
9439	1111101011000001001110110111011000001010111000110101010011101111110100011101001011000110000101100111
7492	1010100010011100100001110101011001000010000001011000011000001110010100000101110100011011101010010100
2468	0111011010101101010010110001111011000011000001101001101110101110100011001100111011011011100010111110
2556	1101010100010001010001000011001101100001010100111101011111101010011001111100011100011011101011010000
7874	0000010010011100000000100111000101011110001001010001011101100001010010001111000000000010011111101101
1626	0011000001101101011011111101011000000000000000101001001111011101010011010000100101101100010000101001
1100	1100001110011011111001110100100110100111000010101001000011001001110101000010111010010111100011010010
5847	1100000011011100010110101111001000101010001000111010100001001011001010000001111001111001111011001111
1506	1101011000100010001111111010001010001111101110010010110011010001010100001011001011001011101011100010
5597	0011111011110100100101110001010011011010000100001000110101000001110010100010100000011001001110111011
3819	0110110110000100110111001011101000010010001010001110101001110101011000000001111011100001100100000001
4848	1011001111111010110110100101000001011010111000010100001001001000000011001111100001110100001001001110
1385	1011111100110011011000100110101101101100001111111011100100101001011111100100010110111111001110101000
4711	1011111100001100110111001001011101100011011110100000010100100000010100101010110100001101111110110000
7791	0001011011011100110110111101011001001111000010001111111101010001110000010011101110101111101111110100
8968	0010010101111101010101110110010101111100000100001101011011100000000010000101001001000011100101101110
3427	0011010000001001100001010110011101110001000000100101101001100100010010010100001010111011000000011100
2931	1111011110001000101100000010011111100100101101110101110100101000101011001010101000101011000110001100
8983	1111011100100011101000100110001110111010111000110111010111100010010110001111011001010000110010010110
2098	0111001100000111001111011010011100101110000011101110100111000111111111000010111010010010010111110100
1210	0001101010100000011010111101111000101111011110010111101001100000010111101110010111000010000001000010
7171	1110111000111010000100011000011111101101101010101110010010011000111010101000010101010110001000011010
5559	0100011000010001100010110011100010010010011011010111010110110011101011101010100101000111010000001110
2537	0110000100100101110110011011100011111100110000100110101101101010111001011101101000010100110101000011
8995	0011101011101010000111111100010110000011111010001100001001101001101111000110011001101000110010101101
5679	0001110010000111001011111101001011100001010000111111010110000000110000111001100100110100101011100101
7881	1101000111010101110111100110110011010011100010100011100100000111000011110101100000000000100101010011
3428	0110100100101111011011110000011110110110001001110010111111011000011000100100100111101110001110010010
3082	1001100010000110000000000010011011111110100100101100110011011011000101111111000010111001110011011001
3392	1100001011010111100111001100011100100011110001101010010011111101000011100011101101100001100011000111
6662	0100101001001111101111010010010100111100010001101010001000001101100011000001010100101011110101000101
6455	1101010110111001110011001011011010100000101111110110111111000100001011100010001011111101100100101100
1819	1101110010110110010011111110001001000111101110000100100111010101011110111010111000111101100011011100
7774	1101011100000111100011001100010011001011001110111011110110100100000101011111111100000100011100011111
3781	0100010101111100101100101011001001111010101100100111000111100111001010011111010110100110001101101100
5452	0000001000001001011000101000111110011100010100001111100011011111100110101011001001011001011100110011
242	1000011111110100010001000111000010111011110100000110111100111101001100111111010001011001100110100111
1238	0010001111010110100101000010001001110111000001110000101110000101100111010101101100011111100100101010
4818	0010001010011011100110000110000111000010011000101100000110100110101000010001011011110111010001001011
9889	1110110001001111110110100001001101110101101000100101010100010100011100011000111101101010111111110100
5013	1111100111001000011001110010010001101110011011010101110000000101011010011010100011101100110100100000
4927	1100010010000000100101111011101101100000000001100111101101000111000100001110001100001001000000100110
1394	1111010000011100011011000010111110001101100010111010010011000001011100100101110100000001101100100011
8291	1111011100011110100111100101011110001100110011010000001010101110100001101001011001000001100000100101
272	1100010010000110011110010001100100111001101110100111001011010110101111000110000110111101101011010001
382	1110000001011011110110100001100111000010000011001101000100010001001101110110111011010100101010000111
2806	0111010001011011010010110110100010100101000010001000000011110010110001011111100100111010011000110010
5835	1000010110110010110000100001110010011101000011111011010110010100000010110000010001110101100101110100
3921	1111111010010010010010111100000110101010001000010000101011011111000101000010111010100110111110001100
665	1110101011001001011100000111101000110011000101001110010100000110111110001001101010101000100101010101
9517	0001110010101001011100011110000011101101100010111001000001000100101110110100010001111010000000110100
4215	1111110010100100110111001010011111101010111110110000010001100101001000101000101011100011010110111100
5396	0011010011101001110000111011100001100011001010010110001011001000101010000010001000011011001000010001
1752	1010100010000000110000100000110111111000100000011101010111111001111010010100101111100100100011011110
9695	0100001100010100011111101001000011000010001001101010100100000011101001100010011110011101001111010101
2764	1000100010101001011110010001111011000001001011000100110110100011100110110110100101110010100101011000
7393	1011101001100100100001101110011001110001011001010100111100000000011011110111101011000101010101010011
4706	0100101010011100110011000010010010000010100111100101000100110101001010001110000100010010110011001111
4551	1010100101000001111001001111110101111111000101101101010000111001011010110100110010010000100000100010
7386	1101111011001010100110111010100100101101011011100111001011101110000110010010111010100110000111001100
1348	1001010011011000111011011101111100000000010011001010000101011101000101010001101110011010001101110101
5750	0101111110000110011011110111010101010101111100100100100000101001101010010110110110000010010100000001
1103	0101111110001111001001110010111011001101100100001100100110000100111110110011000001001000110011000010
6304	0100001100010110110100011011100001110111010000001001010110001111011100001001100000011011000100010101
4237	1001001010000010101010101000011111110100100000110101001110000100001000101000001100000000100010010001
4424	1110101010101000110010101101000001111011001101010110101011101001101101010000010110101101111011001100
1330	1101010010100101100111100101011101111110111010010011101001101101111100111111111101010101010000010111
9616	1000100010111010011010010100110100001001101011110111010000001100000000001000100110000010011001110100
328	0110000111000111001110010100111101101100100011110110000000000100111111001011101000010010110001111111
8815	1010111111100000111101011101010100110011111110100101110111101100111101111111100110101100110011111110
1853	1001011110100000000111001000100110001111010111110110000000101011101000011100111110000010010011010011
6310	0110110111011111100010101001000100110010100010000010110001010101001000101011011110111010110101001110
5456	1000010101001100000000010110111000011110111100011100101001011001000001101101101101110010101001111011
5260	0111011010011100110110001000010011100000001010110110010001000111001101000100010111111001100100101010
4840	1100111011011011110110011110010100001100001000001001000110111001101111011001110111011111100000011000
2149	0001100111001110111101001100000000100100001000101101101111100011101110110011101001010100111000100000
3599	0001010101011101000011100011111100010111000101010001001001100110001011110101001101000011001010100001
3677	0011001111101111101111101011111101001100100100110000001011110011001110111000001101000001000010000011
1027	0001110110000110100000000001111000111011100001100000110000000110001100111000010001000111001010001111
9506	0101110111110011110000011010100010110111110000100101100010100110101101010111001001011010001001011101
1656	1101000101011010111100011110000110111000011101011000111110011010001000010001101111001010000001011101
6530	0000011001010001000011011101010011100101000000011001101000010001000001110001111100110001010110010010
3700	0011110111001001010010111111111010001110000001101010101111001110111100001110110110011001100010100110
5765	0101111100110001111001101001111000101001101100001001110100000001011000101111010111010110000001001111
4329	1001100100001010100010100111000001001111111000001100111111100110100101100011111111111111011111001000
8575	1010000110000000010100010000000101000001101111101010010101100010010010110000111011110100101110100011
671	0011011111010011010111010111111110010111011001001101001000001111110001010010100011001010110001001010
6444	1000101110011110100001000001010000111001011100011011110010000001110110000001111010011110111011110111
7946	0011101100010101000110010011001000001100110101100010010000110010011111101101110111110110111010110111
35	0101011001110100110100100001011101111000111101011010101010011000100000011101000010111010111011010100
3910	0111100010001011010011010000011101001100000100110001010001001000011100100000011000110111110100001101
3522	1010110100001000110010111101011101011101111001101001101011011001100010110000011110011010111101100001
8378	1101111101101001110000000110000001000010101010011010101000110011011011110101101010110101000101011110
7400	1110010010010011010010100110010001011100101101000111101010101110110010000010001001011011111101000000
4579	1110010011110101100101111001001000101000100001111110001111110011110010110011010000010010010111110010
3408	0010111001101111000101110111111100010101010000111111010110001100011110100101010010101100101101111011
5692	1100111101110101001001100110010110101100101000100011011100100100000111000001000111101011101110100011
6827	1111101001000011010011000100110001101000101110100101010010000110010110101101000110011111111111010110
8387	0011010011011010110101101110110100000100101100010101101000110110011000101101000011101010010001000111
7362	1011010000001110011011110101100010000100101011000101100100101010000001011000100010011001000001100011
8109	0011011100100111100110110110010100000101100010001111101100110011101010000100000000110010110000111110
942	1101000110000010010111101101010111001000101000101011001010111101000111010101110010110110111010001001
6262	0110010010010000100010011000000110110010110010010010100111110110010001111100001110100111100101010100
2028	1000110110001110111000011001011000100100010001111101000111000111101101110000010100000110110100010011
522	1111110110111100010010101110100000110101100101001001111110001000000110111111001110000111110111100010
6779	0110001000011001000010101000100111100011101101101110000010100011110110010000010001001110111111101110
4435	0010000011100000111111111111001110011101010010100001000011000010010000010000100100011000110110100001
2430	0001110100001000010000101111101100110111001010001001010101101111010011010000001001010011111011111011
4127	0110100110101011111010110101001000011100100011110110111101011101010011010111010110100000000000110010
6923	0100001100110101101101100110111100001110111100010001001010101000000001110010100111011110000000100110
4848	0001100001111110000001001001100100111100101000101001010110011100010011110001110000111110001011101000
1077	0000101011110110100110000101100001010011101110110110100010100111101110011110100011011100010111111010
8433	1001011110011010100001101011111110111100101111001111011011011110110110101000000111011101010111001100
5240	1111001111101010100001111001001000111011001010100000011001100110011010001100010100110011100000101111
850	1111101011001111001001110101001000000010101110111100110010100111000010011010110010001110101100001101
2948	0111001100111100100110000100000000010001101000000001111001100011101011111001111011100011010010110101
8976	0010101010110110000101111010101000101111010000001101100000010010010010110100101000010100110011000111
3904	0100010110111110001011100100111111100001111000010100011100110010000100100000100011000000010110101001
2945	1100001100110110110000011000100000000101011000111001011100110111011010111111110100101101010011111001
2578	1011100000010011100111100111000111010001101000000110010100110011011111000110000000111010001010100010
6455	0001011001111111011010101001111111011011001110111000001100001000001110100011000101010000111000011011
