Size = 100 
Clusters = 106 
80	79	0
28	67	12
27	46	45
30	47	7
63	1	25
41	92	2
16	57	23
23	41	15
57	76	25
70	7	44
34	8	9
62	16	13
93	55	20
16	29	52
10	11	77
59	86	68
85	89	69
11	79	5
43	39	30
88	78	26
6	8	51
55	33	17
40	71	70
25	80	82
95	2	90
6	15	28
27	97	18
43	81	59
50	63	5
18	50	55
4	28	95
30	51	67
2	61	37
9	46	13
39	73	67
37	69	73
3	61	70
5	12	96
82	27	79
49	60	28
32	8	99
37	78	44
39	48	42
25	89	46
44	13	63
2	64	44
73	45	14
44	25	64
59	75	61
5	9	65
9	2	54
39	97	42
42	49	28
54	87	7
94	22	17
53	4	17
65	16	36
80	28	50
68	92	61
53	58	44
23	38	91
2	14	34
46	66	46
79	11	12
63	93	20
21	80	82
91	21	40
98	67	76
57	31	20
80	53	1
71	6	18
96	23	84
19	27	10
49	2	69
34	8	45
91	16	96
38	2	37
1	19	4
68	90	85
63	55	72
73	83	56
10	70	61
50	82	78
8	4	17
36	24	1
26	86	73
20	98	78
26	88	19
99	75	33
11	1	82
12	78	97
38	33	14
40	60	80
37	10	18
30	31	6
55	44	49
3	7	52
4	94	67
8	19	12
45	1	6
61	65	23
41	78	0
61	1101001010110100101011011111011011101101001000101101101101110000111110100100100010001000111000001010
6540	1000110111110001011101000111001111110001000010011011000111110111110110001001111011110011110011111001
5838	0011101110001001111111111001010100010100010010000000000000010011010011111110010111011000110000000100
8244	0100010000011100101001001000111000100011011001000001011001011110101010010100111001101100000000000111
107	1000000011000100000010001010011100101100001100101000100111100010010000000000100000110010100000110101
3803	0101010011110100010000011111100111110111100101010011000001011011010010101010100000100010001101101111
4635	0111110010110001100100011101111111110101111100010010110111011011001000000111001010001000110000111001
845	1011100100001100100010011101110001101011101110101010110111010000000101001101100000101011010101110011
3772	0101001101011100010000010100111101001100010110111101011111000111000100100110000111000110101010111101
7661	0000000011010101100101011000010011011110100101000001111111101001001100001010010000010100010000110110
1999	0000010011000000011000101111001110111001011011110000111010011001101001100111110111101100011100011000
2068	0000101111110101110011011000111000110100010000110001101100011101001011101011101010011111000111101101
4453	0110111000001011101101010111101100011000111001111100100011101101000000110110010011000001011110001101
205	1100110001001101101110100100001001001000101000001100100111101110101000011101101011001011001110110101
292	0101100101100101101110111001010101110100101001111101110000100101001000011111000011011101111001000000
4913	0000000110101111101001010110011000111010001111110110101101110011000111100010101001001000011101110111
52	1101011111010101100010110101100111011111101110000001001110000101101000011100000010111101110001010110
6729	0010110001100001010001010100010111000111110001001111000011111100000010100001011100000000000010001001
547	0011010001111101101001001010011011011101110000001101110000010000101101000001000011110000111111000100
1864	0111011101011110010000001111011011001111011000000001000101000010010111010000010101010100111010101000
4152	1001011111001101110111101111101010000001010001010111111101101001010100011000111001111110001111101010
6805	1110111001111011011001101000001111111101010000111101100001000110111001101100111011011101100110100011
4102	0111101100000010101110100001011111100000111011011111111100011011110010010011010001101001001100101100
111	0100000100101001110110000110000101110111001010011110010001110110000100011000000111010001110100000000
2882	0111000000011000001001110110000010101010111011100001000011100011001100101000000000101001111101101111
6433	1011100100110000011010000110000110011100010100010111111000111110100011100011000001010100001101000010
6602	1011110101011011110010001001100110110001101111000101000001000101001101001011110001001011011101110110
1278	0101011101110111010101111101110001000001110011000010111010000101000011100000100110100111101100010000
3627	1111001010010001111010010111111010011010000011110010001100010001001110001011100110100001100100000101
4999	0001110001111001011000011101010101100010011100010101010010011110111011010000001110110011101000010010
4697	0111000110111111001011010011001000110111000101101000100101101011101010011101011010010110100100111100
1896	1100011001010010011101011011010010110011111101111010000010011001111101011100010010000111011101110000
2039	0111001100101110111111000001000001101000000111110010110100010001011001000110001110101101110101011011
6393	0101110110101011010111001010001111000110001010100010001001100101001010101111100101101100111111000001
3014	1111100100000110000101100101011011011101110001101011000011010101100010001101101000111001010101000101
6585	0101101010001011100001011100110011110010111000100111011101000111101101001010001100111010111110100111
6442	1111111010001100110000011001010101010101000001111100100011100100100110100101001101110110110100011010
410	0000101011100111110110111111010110011001110010010001010101100100110100000010110010010010001110101000
233	1111101100001101011100011001110110101011110101101010111011001101011110111111001111101111000101010011
16	0110000101101011000001111111001011001001110000100010000101011101000010111001101110100110011001001000
554	1101011111001000000110100100100011111010000001010111001110100101010011010100000010001101001001011101
6746	0000001111111000010010101010110000100101011001111011101010100111001000110100101000001110001101100100
6302	0001100110001011101111001001111010100001011001111101000010001001101101011100111010111000100100100001
9343	1000001100011011010001100111101011010100110110111011011010001100000101111000100011110011110000001000
4069	1001111110101101110010110011111010011101010110000011011010000101010100100011001100001110111001110010
7896	0000111010110000001100110111010000001001100100011100011011010101010111111100100001011000001001001001
8809	1000101010011111100000000001101010011111001100110000011100100111110110110011001101111110101100001100
2368	0100100011100000010001011101110010111110001001011111010101010010111100110011010010101000101011101001
9875	1111010010101000101100111000110010010001010100101100100000100000100101001010010000010010000110001111
7347	0110010001010100101011110111110000010001001110110100010000010010100000000100010110000001001011001000
924	1101010111110110010001000100000000101000010111101011110010111001000110101010111000100000100100110111
4841	0000101111010010010010011111010000001011111101100110110101010110011001000000000111011001000011000000
4062	1000101000101100101101001001101000111000100110100010110001000101001000110100101111010111101101010010
4050	0011110000000001110101000100101010000110110011000001101100011111101000100000111111110101110011100111
9803	0111101010101101101001000010100101000010011011010011101000000010010001111101111111111110001001011111
178	1110110101000101101111010011111001111111010011110010110000010101000101100011010111100110010110000100
3201	0111010111010010010010011100101011000100111101001001011100010110110111101111111000111001011000010011
2308	1011111101111110101100000001000010100001110111101011111100101011111011010011100101100010000100101000
6175	1111111011100100010011110111100001001000101100000001010001001111001100111000101011111011011011010000
5719	1000011110111110000010111110110110100101100100111110011110001000110011100100110010101100010010111001
9791	1111010110101000110010101101100001101111110110100000001101100101110100101100001101001001010010011000
2537	0100100000001100000100100000101100001000001101010010100010111110100001110000111111010011011001011100
5258	1011010000101000011010001101111101110000011001110100001011111111101000101000111000001111110000110110
2377	0000000001111011001101101111101101101010000100010100111100001101011010001111001001100011111101110010
4997	0010110100111011110110111101000000111110000011001011111011010100110101000110000011000110001100101100
786	0101001111100011010101001000101001011011001010001100110001101010000100100011101000010010001010001111
3562	0101110010000100000100010100010000011110101101010011101100000001001100111100110110011000000000011110
4137	1100110110110000000010100000001101001011011111110001000110000010001011100111110011000010110110110010
6801	0000110110111111011000100010011001110100010000001100110010111110110001010000100001001011010111101101
2022	1111001000001000010001101101010110111100010111000100011100101100110110111011010111101100011111011101
1104	1111101100010100000011101000100000101111111001000000010111001100010011010111100101001101110010011110
5575	0011001100101100101100100110000001101000110110010111100011011010111010011101000001111111000101010110
4212	0101111100110000001100101010011110001000010000101010101100010110000001000101110100101011001001100110
4630	1001011001011101110111011101011010001101010001000000011110111011011011000110010100000100000010100001
4211	0110011101110111100011010000100101110010101110111001011010011000100011100101110000001101001100000010
8055	0011010101001111010100011000101001101100000011010101010101101110111001100010011100110110100000011100
2438	0101111000000101001000100010110101110110000101000101001110111011001001101010010111011110110100011000
1395	1010100100000001001000010111111000010000101100110110010000100111010011001110011010000001110010000110
3968	1100000111101101000010011100010001100010101001011010001010110001110110100101100101110011100110101000
469	0101111111010010010100001101011101001100111001101111010100101110011001010100110110010110111110001111
6905	1000001110000001111100111000001111001101110001010000111100011110001000000010101010100101001111011001
2446	0000110101111110001010000001010010100111100001000100100111010011011000111000100110000011100011010110
7204	0101111110100101001100111000000001101011111110101000010010011011001101100000100100011111111110001011
522	0011000110010100001001111100110110110010001010110000100000010111111011100011001010100001101000100111
5936	0111010010110100110100000101000010011011011001010000101000111010110101001111000010100001100111001011
1423	0011110110101000100101101001100100011101001011111011011110000101001010010000100110111001000100111100
6125	1100110111110100010110011011011110101110101011001100000011000110111010011011010000001010100010111100
7870	1011010011010110100110101111100001010000111011000000010001100111111000101111000100010010110110010001
4433	1111001011000101000111111011100001011101111001101001100000011000100111000100000100001001011011010101
970	1111000011001100101000101001001010011000010011100001100100100100001010010000011100111000001100111011
9021	0100000101100000000101101010011011111011000100101011010100100101000001010111001001011100111010111110
5216	1101100010001001001000000011011000000100100110000110000101111101000100101011100001100111001010101100
3464	1101000101000100110001010011111100010010101110001011000110001101111011000111011010100001101101110001
2638	0100110001100110011111001101001110100000101110100111101111111110101100011011110111000111101001110100
497	0111110110001000000000110010000011111111000110010111001100101011101000000111001111011010100011100100
532	0101100011111111001000010110101100101101011110110101100111001011111010110101011101110111110100011011
6413	1110100110100100100001101111101010000001011011100000010101111001100000000011010110010101100100011000
2864	0110011001001101100110101010111111101100010101001111001100000010101101101001101110101010010010101101
3457	1111101101011011001011110000010011001000111010110111001000011101001100101100111000011000101011010010
5004	1001001110010011000011101100001111000101000110000000111001001010000000000111111101111010101110100110
3640	1111100001001110100011010011110011111001100010010010101101101001111011011100101011000110101000000101
7943	0000010100000001000111011100011001011000111010111000000101111111100101010101111111011100110001010110
1031	1110111110011010101101010011111000111001100001000001000100100011011110101000110010110011111110011000
1210	1110000111010000001110010111011101110001110100111110001010000101010001000000110110010001001111011011
4340	0101101001110011110110010011001100110010111111100101100101100000010001111111011110011111001101011110
3512	0111111100100111011110001110111000100101100010101100100011110001000000110010000101010101001110011001
