Size = 100 
Clusters = 118 
98	69	0
50	20	12
87	26	16
25	45	39
50	30	75
3	51	18
56	65	24
88	2	6
9	50	90
23	2	49
41	73	52
53	25	74
21	72	35
92	64	93
1	23	87
68	76	69
95	27	6
5	6	1
91	37	24
66	65	15
56	16	56
15	21	34
42	22	38
29	3	29
47	78	47
90	42	86
61	69	92
73	49	14
3	59	65
45	31	38
10	81	82
89	14	7
54	38	49
35	71	27
61	69	44
26	95	82
38	21	54
12	64	37
38	88	1
79	85	74
15	44	5
0	79	50
30	59	37
3	93	57
86	17	41
87	41	54
54	81	71
59	33	42
40	65	44
69	96	75
21	22	3
56	57	44
27	83	80
50	11	35
37	43	74
31	87	19
89	8	35
13	17	8
36	32	90
22	58	53
41	80	99
77	67	0
52	71	4
50	70	88
27	63	20
69	66	94
67	57	92
30	59	63
6	42	16
20	57	59
7	8	79
24	39	22
88	7	40
67	63	92
62	76	71
65	42	39
32	74	68
63	10	60
17	17	98
49	26	57
67	75	33
65	73	65
51	75	88
7	8	98
90	89	45
17	52	96
12	51	88
43	61	60
62	87	12
31	15	37
38	22	57
54	21	92
34	25	76
79	85	12
91	91	38
95	6	64
97	43	54
35	56	41
31	51	17
79	71	49
86	54	31
56	33	0
4981	0101011010111001001111111101111000001101000000011100110001101101010010000000110110000100111001111101
3970	1011110011100010111001011000101111001011000010111110011101011001110001111001111111100001001001101100
9802	0011111100101001101110010000111010110010001110100110010010110101100000000000100011010000110011101101
3778	1110100101010000000010110010101011010010100111111011111010001111001101011011001000011010000010000010
5568	1100000100110000111010010110110110011001110001101000001110000010010001001000110011011110110101001110
1340	0111011111110011001110001000111110010110000100000001011111001000111110100101111110001000111100010001
5915	1111000001111011011001011110000010111010111011000100011000010001110100111001101011011000001100001001
8672	1110111010101000100101110110001110100010001111000111001010110000111100101101000111010011000110110001
1298	1100000110100100011001000111110111010000111011110101011100011011010010110001000011101101100010100100
4116	1011001000101011010101010101000110010010000111000100111010000001101011110000100000100111100011000000
2907	1100001110101010010110011111011010000011000001100111100011101000100100011010101111000010100101001010
3069	0010111101111010110011000100100111111011000010000110001001000110000001010100111101100110101010110000
9054	1000100111000110100101101011011010111010110100110100010111101001001101010000111011011101110110001001
6498	0110010111100001001011111100011101011011001110100000111101001000001011111100111010000000101010010101
2452	0100110011010100110000010010110100001110011011110100101111011111101110010001111111111011101101110001
9290	0101110100001011110001001010110100110111111000111110110011010110010100001100100111100000001011010110
9497	0001000001100001010100010101111011110000011111000100010011110011110001111010011110000110101000010110
999	1001010001010101111010100111000001001001101001101010011110111000001010000111011101101101000010100000
3079	0001110011101000111101000011101011110110000101010000100000100100101110000100010011110001100110001111
3770	0000100111101100001010010100110101100101010001001111001110101101110000100000000001010111000101110110
9534	0001100111001101110110000000100100100100011001100110011000001001010010100000011100001101110000011110
840	0100101011000010100000110100110001110000100001000101110111101010110001000010011010000101010010100111
8649	0111101110000111100000100001000001011011111010110010011001100110101000111101011001111100010111000110
2401	1011010000010110100110101011000101010100101001011111111011011101010101101100110110010000010000100001
6403	1101111111100000011010010010011110101010101101101010010100100111010001110101001001110101001011000000
3776	1100000000001001000101010001010111101000101011000010001100001101011101000110011011010000101000101011
3	0011010110001110011000011111110100110001000110010100100010110001110111110000100011110100100100110011
8315	0001101111001110100111000111101010000000000001101000101111110001000101100011110110010101000101010000
6316	0000110110111100011111111000101011110000000001010101000100111011011111111110000010110100011111000111
9649	1010110100010011110110000100101011011100010000101100110011011001101000011111000100001000011111010000
2628	0010100010100110010101110110001000100101101011111011001000111111111111010010001000000011111001110101
879	0011101111100001010010001001010100100010111010111111000000100010001010111010100111011111010111001110
6366	1110101000000100111011101100000000110010001011010100011101010111110101001000100101111011110011110010
700	0110101110011000111101111100001011110111111111010111101000110110011111111101010001011111000101101001
6345	1110010010111101101101000011110110010110010110101111010011001000100100100010001000101101000100100110
3747	0110011000111101110000101010100000011010100101011000100010001100101111001111000011010000101110011010
1126	0110010000011001101110111110000111000100011111001001100100111001000111100100011010011110101101101100
7537	0001110101011101011011110100100111001100111010111101010100100010101110010011111111101001010000100110
6895	0000010111000011101010110111100111001101111111110000100100101011101110100100101001011010111000010011
1376	1110100100010101011011010001000010001110100110111100000001110100010011011110111011000101001101100100
6026	0001000010101000011001101101010100100110010111101110111010001011010100001101110011010001101101111011
1944	0001001101000001110001101001111110001011001100010110000000011010011111101110001011110010111001100010
3287	0010000110000101100001011100001000010001100110011101001110101100100110010001110110011101001010101101
600	0001100010010110000101011000110010000011000110010100110110010011010010011100001100011001010011111110
8767	1010010011101000001011111010110000110101001101011000001111011000110001010010010101101101010000100011
6208	1101100010110101011101111101001111110011010000000100011010000101000101001011010001010101101010000111
7403	0001100001000001101111111010101101001100110011000011011111111000101010110011100101001000001110100001
5143	1000111001000100111011110001010101111100001110111101010000010011100100011010000011001001111111001001
7644	1010000110011010011100110000000000110111110001110101110111101000101101111100100111001101110100011001
3367	0010110001100011001011011011001010011011010100111110000101101101110000110111010010011101011010001010
2481	0011110101001101111011001100010011000100000010111111011100100111001110000000111001100110100110010011
5656	1100111100011000000000111010100101010000111100110011011101000010100110011100011111110111001010011101
5263	1100011110001000001001101001110011110100001000011000101110111100000100011101100010100001100011111001
7611	0010011111001101011100011111010001011000111111010001100110000010010010100011100100110000011010010011
1613	0110010000011100001010110110110011000010001111101101101001010101100101111100000001001111010111111001
8249	0010100010101111001110000000011001011001100110111011100111101010001111101001100010000111001000011111
367	1101111111000011100100011100001011000100110101000001001101101010101100110000001001000110010000110100
9679	1111111001000111101010111111100010111011001111000001010001010010010110001000011001100101110000010110
7002	1101110001010011011011010001100000010010000000011000000110100100110111011011111100110110100001001000
2401	0110100011001010101001101101111001000001011001011011111100101111101111101111111010000101101001101001
4561	0000110000111100010000011111010000110000101010100001111111010011100010111001100110011100110010111001
7122	1011110010000000100010110000001000001000101010011110001001110000111101100001111011000011010011001000
4668	0010001110110011101010000011001010111000011110010110001000001101111111010001110001001001100001011101
9520	0110001010001000001100000110111001011010011001111000100100010100110101111001001011110010101000001010
8974	0011010111001101010100010001101000001110000010011110100011011010000010110010101101110011100101101010
4253	1011101000111100100010111000101100001000000010010100101000011001001100111111001111110101001100101100
5343	0000011101001101001101001101000101001110001110010110111001000101011100111100111001010100001101011011
4743	0000110110010011011010100010111100110101110010110000001111100010110001010001100100101011101010001100
8708	1001110110100001001011110010101111001000000101010101111001000111010101111001000011000010010011001000
1050	0010010001101110101010110100100010111101100100001110111011101010000001101000001001101000111001010011
6724	1111000001011000011000000011111000001100100111111010011101000001100101010100000000010010000000111100
1097	1001100110110011000110101001101001110100010011001001010101110010011101111000100110100001110101011010
572	0111001111010000000010011110011001111110100111111110000110111011011000100010000111011101110100111010
1548	0101100010101001110001001100011100110001001010011101010101100010110101110100000110100010101001001100
3949	0011101100010000011010011111111000101000001010001110010000011110001001101001010110110101111001010111
6737	1100000000011001111100001111100101101111111110100000101011110000000011000000100010001100001110101001
1052	1010011100111111000100100110110110011111100000100011010110111100010001011011101011111010110000101101
1853	1011011101000000100001011110101010111001111011110110110011011011010010100000100001100001111100000100
4549	0010101011110011010001001010111001001011101011110100101010010100000010100010010011011000000000101010
6262	1010100101111111101010111111010011100111011111111101011101111001111111011111010000001111001111111110
2605	1111010100010100011111000000101101101100001111001111010111010001001001101101001100101100111100100011
6818	1001011000100110110101000010011001011001110100010001001011111010011000011011110110110111011001101110
469	1011110110000111111100011001000101100100101001111110110010000110001110111111100110011100010110001100
6189	0001001101101011011100100101011101001000010010110010011010011000011100000100000011000101110010101001
6926	0010011110000101110001011111101001010100111111001001101110011101110000101001110110101111001110101001
8293	1000001000010110001101110111000110100100001010101101000110101000010110100000110010001110010011011011
8740	0111100011101011001001001000011000110110001100110110011101110110011110101011011100110110110111101001
8813	1000110001111111010111110110011011000001000001110011101001111111101101111011001110111000101101011011
1129	0001011001111010101011000011100001110110000001111100111010101010110001110100000000001001001000100110
2260	0000100100000011011110101011010100000110111100101111000001011010100100000011100110001001100001000110
7887	1100001110101111000110110110100010110101100000110100011000010111001100101010110001011101000001010010
9800	0110010111000010111101100000011101011100101110111000011100111100010011110000111111010100001011110110
9959	1010001101101101000101001010101001110111110110101101101001011001000100111000001011100011011110010100
6085	0111011110100010100101111011000000110111110100101010111101010011000011001000000101001001010001010110
1817	0100011110110011000101101100101000100111101011111000100011001001011001100111010101101001101001010010
1223	1110100101011001111001111001111010110110111110110011010110111001011011001111101010101100010010001111
2560	0011101101011010110100100000101111100010111110111010000001001001101101110011100110111011111001010011
4908	1101000101100001000101111101111001011110101011000011001111000001000000100010110101111011101111110000
2564	1100001001000010111110100010011101000011111000001100001000010100011111111010000010101100001001100000
9431	1010110000100010101000000110000110010011111100000011010011100010100110011010000110000010000010101000
9877	0001010011101001000100011110111010111101000111011001001001011000110110100010100010000011110010101001
9008	0101110000011110011010001111001011010100011100010100001111100101000010000100001011010100110011110101
8096	0100111100111101111101001001110110011001000010100000100010111110011111101011110010001001010010010001
1139	0011100011100000100110110100100100101110110100110011000110010110000011000000111101101001010010001111
5665	1101001110111010000110011100100100010000101001010111101111000010001010000000001010001111010010001000
2683	0010110110100111100000110010000010101000111001110000010111001011011110001000010111110001001001110111
3795	1100000111011101100110010001011110000100001011101111101101010111101010010001101100111111000100111011
6513	0000111000111000001010101100111101010101100000001111011111111011011011101011101111010101100100010010
1468	0101001101101101110001001000000101100011011001110000011000111100001010001001110000000010000010010000
4976	0100101110111101011111100001000011000010101101010011100000110110001011100001001000001001100000111100
2745	1001101000111011010111111110010000011011000111101111111111100011100111010101011000101011011110011011
6032	1000010010110111100001011110001111101111001111110011101111110100001100001010110001010100000100101111
5969	0011011010011111000010001000000001101100011011000100000101100101101101001111110010010001011110010100
6001	1000010011000001100110110010011010000011100111111001101110100111011010000011010101101011101010010001
3437	0011001101010100001110000110010011111100011011111001011001010000001011100100000101010110100001001000
9265	1010011111101010100001111001010100010101010100110000110000111101111111010011010110001010100100000101
1650	1101101101111010100111100001101001001011000101010011111001010000100011100001001010110010010010100011
2576	1110011101100010000011010010010100111101000100100100000100011101001100010010010110001010010110000111
