Size = 100 
Clusters = 166 
79	24	0
15	15	98
15	50	19
24	18	58
8	8	68
3	69	95
51	42	92
47	27	53
74	73	76
65	61	19
41	96	40
30	59	70
8	38	99
73	12	74
74	36	77
28	82	63
18	9	52
62	43	12
80	84	3
86	44	88
42	95	36
5	84	46
48	96	97
85	1	46
44	30	34
69	35	48
98	98	6
68	42	7
98	20	88
69	15	55
21	15	34
13	97	64
14	20	59
1	7	99
50	22	69
10	80	18
83	63	90
9	68	35
81	96	53
7	49	36
25	73	55
76	25	24
22	19	26
43	4	16
12	88	85
0	48	9
49	3	19
57	53	77
86	68	10
42	20	49
65	74	87
60	76	36
80	89	60
96	45	6
37	64	10
17	95	86
43	45	68
94	90	80
55	27	12
16	53	44
72	57	7
29	28	67
5	39	23
28	71	16
81	9	87
25	78	98
70	72	4
83	44	32
89	94	30
68	25	88
11	11	47
18	57	30
15	0	82
0	46	73
61	91	8
45	83	75
62	65	99
46	2	73
21	62	60
74	4	78
3	49	22
28	40	88
18	3	56
10	10	39
22	67	37
21	99	78
25	73	91
76	10	55
5	79	95
38	18	95
75	92	3
93	69	3
16	80	37
75	43	18
67	94	82
61	13	41
90	48	21
35	84	46
70	49	26
60	75	62
68	89	15
96	70	0
6218	1011111001100111110110101000011100011100100001110001110010010100101110011101101010011000001101101100
1774	1011110110000111000000111101101001000011000110011010100001110110111100001111000111111001011111010110
6750	1100101111010010100000101000101100001011101110110110001010011111101110010111010100010011110110110000
7831	1010111100111010100100010101011000001001010111001100011101000001010000000010101010100101111100010111
8460	0100000110110100100101000010011100000110001101010000101110011011000001001101110100010011101101000100
9638	0001110101110101100010100001111011010101010011000111110011110010110101100110101001000111010011011000
9086	1110001100101100100111000000111010010100001110000011010101011110100011110001100011101110111001000001
6335	1111110100001000101111110101110101010101000010010011010001000001110101011100100010110111010110100010
6216	1101101101100100110010011001100011101000110011101001001101111011110101010100110001010001010111001001
7658	0000110101101010000110000110000011101100010101001011110110110100011100110100101100110000010010011111
4242	0011001011101110010100001100000100001101100011000110001001011101100100111000100111011011010100010011
5263	0000110001110000001001011101001101010010010110110111100111101001101100000100010100101111010001101111
6252	1101111010100101111101111000111010100011111001101011010100100001000011001100000011011101010010111110
662	1101010101111101001010011010001111010000111011000000001011101010000100000011000110001001111000001001
857	1100110101000101100110010000100000010010011001010001001100000110011000010011110101101110001101001110
7380	0100001011101100001011001000000001011000001001110100001010111010010001111001100000010000011010000110
1355	1001100000001000001001111011000000100010011111101101101111001011110010100101001111001101100100001111
3875	0100100100110001110101001011100111001000010010001000111011101001111001010101110010101011001101010001
7303	1010101100100100101100001100011100000100000111101010011100000010111010011001111110100000111111010101
9096	1010111111001011110001111011000001101110101100100001011010111110100011101000100111111101100001101111
2009	0101111111001001100111001011000001101100011010011000010110000111001111100101111010010000100010111011
1479	0100101110011011101111010001011011001001111100000111110010111111111100110011010011100011010101111000
9317	0010110010010010001110100100010010000100000101100000010111011101111000101111010100110110101111011111
5493	1000101101110110101100100110101110111011001101001110110111101000111101110101100111101011011001011011
3382	0000011110010000000001101111101010010001101101101001111010110101000000011010001001110000100111100101
8189	0100000011100101000100110111001000001111010101001010111111100101111011101100111111110111000010000100
3207	0100100100111101110100001100001100010000011011000100000101011001000011001010000100110111011100001000
4587	0101100101110110101011001110110001000110001011101010011010111111010011111000010010010111001101000110
538	0111111111110000111101011001100000011010101000000110111110000101000101100110000110010100001000000000
3992	0000101001011101100001011010000100001011101110010001100110011010011101110100110110101110000001011000
8190	1101101010001110010010010111010111000110011110110100101000101001011011110110011100110100111011110010
3905	0110110000111110100010001111001001111001011001001001011010011001010010010101000101011001100111001000
2258	1001110010110010110101000110101111101100101111111001010110100001001010100101010011010011101101100111
1908	1001101100110010000101101010000010100111001110010110011110101000010000101001010110101010101110000101
1662	1000111111111011101101000111100001000001001000010101000101111100100001111100000011111000100010011101
9312	1001010100100111010100010101011100000111111101110011000000000010110110011010000100101110011011001110
665	0000001010001110110010101001101010100000011010001101001111011011011001100010010011111101000011101101
7693	1101111110001011000001010000100000101111111011001010100011101111010010111100110100000000010101100110
8643	1001000110101011010100011010101100001011110011100000000101001101100001110010111011100010000001110110
222	0010111011000000001110011011000001101011110000000100001000101101001100001001001000000101111100001010
3033	1100111100001001100000110011111101011011001010000101100111001110011011001010100000110100110110001101
7668	0011001100000001110010100011101001101011010110001100000010100000110100110010010110000110011111001111
3199	0000010000010100101000110011111100101101111100001100011000011010110011111100111010110001111110101101
3463	0000001010010001101001110101111011101101010110010011011011110010110010011010000001001010100100001011
7779	0010010000111110001001011000111100110100010011111001110111111111111000100100001001111111001000111011
6622	0000011110000000000110100111101111101110110111110111110011111000000111000100010101111100110000011000
8023	1011001111011001100011100000001100011011111101101000110010110000101010010100000010111110010001111000
2707	0101101111111111110100011010110001000001100101001000011000101101100001101011011011111001001111010000
3438	1100000011111011101100110010001001100000101101100001111010000100101110000001011100100001001110010101
31	1101100100111000000110011000000111110100110001100001000011111101011010000010000110010011110010111001
4414	0110001101101001101110100110100010001100001000011111001100111111000101010100100100111010010001100001
1684	0101100111001000000000000101101100000100101010001101000000010000010001011010100110110111110001010011
2172	1100001001011100101010101000110011010011001111001101110111110001011100001111111110011011011100010110
2967	0011010011000011000101001101010100100110111010100101111100000000111000001101011110111010011101011000
1617	1111100100100110010000001001100111110110101001000110000001110100101000001100011010001010011101101101
2142	1011110100101101011101010110000010111101111010001100000000011011111011101011011110000011001001001111
7874	0011010011011101110111110000110101100111011101101110011011000101111110011010100010001110001110100110
4859	1101111000100100111000111100000101010000010000010011010101111010111000110101010100100010110111001000
2852	1110110001000001000010000000011010011110010010011101000111001100101101100100111000101111101100010100
8155	0011100000110101001111001111110011101111000100101110101001101110011101111101001110001111010011001010
4681	0001010011010111111100101001010000010001110001100010100000111000110011101100000000001011011011101011
518	1101100100011010111101110000110111100011001000010111001111100001111011000000010001000000010101111000
1277	1000100101011110101111100111010100100111101010010111101011010101110000101111111000100000010111001111
2462	0001101110001001100010011100110000000011100011000011111101100100010001001001110111101110000001011101
432	0010110110110110000001011000111111010000010000011011000100001111101010100001011000011001011110011010
5777	1101011001001100100101001011111001110010110000111000100100110000000010010100100111000111000101001111
3839	1000010010000100000101000001101000101100011010111110111000011101000101100001001010110001000000100110
8952	1010010011010110000001011001011101011110110011101001010010010001111000111101000110110110010110111001
8756	0111010110111101110111010101010001100111100111100011001101100100101101111110001111110001011010101110
2624	1101010101100110000111110001100101011100100000111101011011111001111000001001001011111101010010010110
9209	0011110011000101000011001110110100000000100010010010100011011000110001101100110010101100000111010111
7417	0111100010011101001001010011011110101011111101000001110100100001110110011001100001001101011100100110
914	1001011010001011100101001110010101101100101011001011010001011101111111111011010001010100100110011001
9598	0001001110001000101101111111001001000001111111011110000011001101011100010011000100110001110011010101
1855	1011101101000100110100111011010001000011011001000001011110111110010110001011101001111000001010000011
4697	1101111001011101000001001101100100101011010001101110101101000010011100111100100010011011000101000001
9388	1011100011110010110101000001001111001110000011111101101100111111000100110110001100001011100001000100
6604	1011011100110001000000111011100110011101100110101001100101011001011010010010011010000000010100111110
952	1011001000100100000101010111011000001011001000101000001010101100101000001010110010010110000000100110
3864	1000001011000000111010110111100000111010111001101111011010111000000010110001010001111101100001011101
6666	0100001101011111110100101011111101000100010101110100111101010010110011001010111001011001111001001011
2678	0111001110011010010100000111111011110101101011110110101001010111100111001011110100101100111100010110
3866	1100001100000011110011111111101001100101111110011000011110101011100000101001001101011100100110101001
5570	1000000010110111001110110100010001100101111010110000111101001101100001100001110111110001011101111001
8898	0010110011100011011000100001100100110011110110011110010110000101001100010011010100100101111110000000
966	0110111001101100100010111111110101001101111101110111010111110010010110101100001101100001101111110010
131	1100111110011110111111100000001000010000000111100110100001100101011110010111110111011110011101100001
8310	0111101100101111000111010010110110011010110011001010001010010001000110101110100100100001101111001001
2330	1101100010111011000110010000111000000001010101111010011000110011100000000110100111000111101010100111
2205	1101011011010010110100001100010011011111111111111110000011111000100101000011011001101011000110011101
2281	0100111011001000010100010110101000010000001101111110010001001011101000100001000011001101100101011000
6616	0001001011011001001100011000001001011001111000110000100110111110101111001010010010011100100100100110
3437	0011000000011110101101000000111110100001001110010101001011011011101010000011011001100101000010100101
4174	1100010010110011001100010011000110100001101010000101000000011001000000100110011011111001111101110000
691	1101011111111001101001011101011000100001110000011011000000001111110000110101001110000001000011100001
3941	0001101001111010110101100101000001001011101010001111101111010010111011000011011100111000100101011111
8172	0010010111101000101001001001111001111111100101111001100101111101110000111010000000010110001000001010
1372	0010100100011000111100010000111010110101001001110111010010001000110100000111000010010111010000111010
4776	0101010111100111111100101000001010111000101000100001100010010100010010000110011101101110101011101010
6487	1000100011101111111010010110010011111001100111011100010100101001110011000100000100110010010010100100
4823	0101001000001000000001011011010000000110000101000100000100010000010000110100100010101110111011110011
5591	1110100001111101000101010000100111001001100111110011110000010111100011011100110100100010010010000111
7704	1111010001110001100110101111011111001111000111111011000000000011000100111101101101100010001110011011
5353	0010100100010000101100100101010110001110110110111010001010010011000101011000010110011000110101111010
9723	0110110001101010000101111010100100010110001010010101001001110010101101000000100001011111111110101111
6098	0110111010100101110000101101110010111010000011100000100011111010101000111000011110011001011110010011
2682	0011101110100010111011000010111101010000111101111111000110000100000111101110110010100100001101110110
2637	0100011010000000000111101100010100010110101111111001101010111111001100010010001000111101001010101110
7997	0100011100001101110110000101010001001110000001100011000100111111011110100101101011011101010110001111
9672	0111001111110001010000000011010111001010001010011110010111111111000110100101010000110010000111111101
1637	0011010111010111101101100011100000011000011011000000110100000001010001011001010111001111001001111111
5467	0010110011010101011000100001111100110011010101011110000011111100100001110110110011100100000101010011
7064	0111101100100111001111011100101110011010100111100111010001110010010000010011001100110001101111001011
8384	0000001101101000000101111101101000000101000000111101010110011010010110111101001111000100101010100100
8995	0100011010101011000000001000110110001011111010110010001110010100111011000101001000100000100100111101
2092	1000100000101011111011101110101001001101010110001110111111101110100100101110001000001000110001111010
2131	0111110001011010000000001100101101110111011101011111100000001111001100011011001001011000010100111111
2334	1011011000100011100000000011100000011011001000110100010101111100011111110000001111111001001111101001
7346	0101011111100100100010110010010011111010001100001000110111101000011000001100000110010001001101111011
2295	0110000111101000001000000010000010111000110000111110010011010111010100100010001101101010000100100001
4358	0010011010101011100111111110111010001011110111011010000001110011100010100000010001010111000101011010
5067	1001110110011111010010011111010011001001010011110001010100111010110001110110000110001011010101101010
2188	1010001110001011101001110000100000001110110110010011010011100101010010110101111001100101001000111110
9931	1110011100100101010110011111111111010100101101110100011101010010010100100111111010001110001111010100
6894	0100101011000000110101110110001110011011001011011111001000110000011111101001101111100100001110010110
8872	0010000000010010100001000101100011111111110111111111111100011101110001011101110000001101011110111110
3769	1111001101111110011011111001111011000110100000110100011110000010111010100100100010000101001011100010
207	0011000011100010000100011010010001011010101100010010101010010110011010100000000000110001110000111110
94	0000010111100001010101110100100000111010011111001110000110110111101111000010101001111111000101100010
8302	0010101010010001011100001001010100110100011010010111111111010001001000111100000110011110110100111111
5186	0110000100001100111000101101000010110111110000010101001100100100011011001001110101001100000000001001
390	1001000001101100000000011010101111100111010001011100101010110111101001010001110111000110110101111000
8360	1001100011011001110110101000010111000110010011111000100001010000001011001000111110111101110101011101
217	1011110101000010000010110010101110110101100010011010101110111000011111100000010000101101001111011010
8345	1011111101100010001110010010001011000010001101011110011001000000001001100010111110100110000101100010
2118	0110100110000101110110011110111101000000010010111010110000110100110001001011100001100001000010100000
348	0010000001100010011110111111011000101011111011100101000001010111100001010111010110100110011000010011
8662	0111011101111110101100000111011101011010010110010111010010011011111110000001100011101100000101011000
4599	0100101100110000010111111000111011010110001010010100111100000110110100110110001110001111000111110000
7993	0010110110101010100000110010000011111010110011010101010011001110010100111101010100111010000111111111
7936	0000001111000000101110111100100011110110110011011000011010010101010011011001100110011100011100110111
4586	0010111100001011001110001001101010111000010000111100010011011010010010101110111101010100001000011011
1062	1011100101000010011011000101110100000011110100000101110111100111001111010011001001010110001100010011
5557	0011000000010001011000011110001100010001000001110010101110100101100110010110111001001110111010001101
1680	0110100100010101101110100010110110111100000100001010010111001001110110010000110111111001110100110011
1492	0010110000110101101100100011011110111100010000101010010010011110010001011011100111001000000011101011
5120	0101010011111000101100010010101100000011000000101100100100000000101101100001000111001111101011001001
8553	1001101011001000010100101111001100000010001010000000101100000011101100101001001001001000011111101110
8151	0100010111100101011010001101010100110110000010011110001110101000110010110110001010010100001101100001
1925	1001011100110001100011011011000111000100111110010110110111011001001011000110010001011101111100101111
7511	0000110001010111011100010110110011000010000101010101100000110001010101110011000100110001000010001001
1977	0101000110011110110100010000000101000010001000111000001111001110001100001001010011100011001000111000
5359	0000011101011011000101100000100101101000101111001001011111010011111001000010011000101100000000110000
8831	1000110111001111000111101010111001111101100111001001100001101010101100011110110010001010111100011101
9717	0101000000101100001000101101001001111010111111000010001111001011111101100010110001111100011110111100
8492	0010001101110101100000110101110100111011001000111011001000110101111000111001111101110001000010101001
5316	0100111001000101100100011000010111111110011000110001000001001111100111110001111110011101110100010000
2683	0010110101000011010111110101010101100111001010001100101101111100011011011010010000010110011010110011
1750	0101110110001101011101001011001001000101110000000001000010111100001100100010110110001011001111100111
7170	0000111111100000000100111001000100011101010111101011000010010001101110110110100101000000000100100110
143	0001011100010100010001010000101100001011101101010110110011001111011110011000000110001100101000010010
5647	1111100000000011111010110111001100111100111010001001011100000000000111000010101111000111101000000110
2229	0111101101010111100111111100100011110011100000011010000000110001100100011011010111010100000000010111
2331	0001000110011010111011100111010110001010011001000111011101010011001010010100111111100111010000001111
3505	0000100010111100001000100010000110001010010001010100100111101100000111101101110011100000011000110010
1519	0011101101010000110111011010001010110101011000101100001101110011011100110000101111100110011010001100
