Size = 100 
Clusters = 142 
74	86	0
50	30	53
62	1	75
23	13	41
46	26	45
12	60	97
12	88	83
91	37	89
78	30	90
94	79	74
83	42	66
56	56	93
24	82	44
37	48	36
75	71	91
2	77	2
1	2	62
55	70	36
5	21	25
17	28	97
98	44	66
31	44	68
89	7	83
16	94	12
87	29	51
49	22	25
15	59	11
40	15	19
40	53	12
82	53	17
3	69	49
53	86	97
23	53	15
81	62	63
86	65	24
90	67	7
74	26	31
48	11	54
62	16	8
53	22	49
70	15	30
48	46	12
22	85	10
26	73	67
55	40	74
47	67	43
2	52	87
45	34	61
89	92	14
76	24	57
4	39	85
4	78	55
58	30	35
8	31	17
63	49	88
74	9	75
97	52	80
60	19	13
55	50	33
5	96	48
91	80	61
84	46	81
66	91	89
35	35	51
56	1	7
86	79	33
45	14	89
92	47	15
1	1	53
0	35	55
86	89	64
53	15	77
48	71	62
58	86	64
54	24	20
28	90	25
71	42	31
52	56	87
62	88	76
43	69	0
85	59	27
90	99	82
62	26	6
30	26	79
70	76	96
89	11	36
79	36	65
46	80	91
89	38	8
86	56	51
4	34	86
42	16	93
95	88	88
93	91	4
84	83	23
52	55	64
17	52	56
16	3	3
64	45	51
12	49	69
79	91	0
13	40	0
1760	0010100000111110100011000001000011010011101001110110101000111111100001011010100100101001100111000011
1470	0101111010010101000001010000001001010101101001010111110011000010010011101101001010010001010111010110
2956	0101111001001011011100010010000010010101101101000110111010010100001000010100110010000001000101011001
2215	0111001101100000101110010000011001111010100010011100011101001001001001100000000000101001010110100101
1847	1011100001111101100001101100011111010100101001001101010001000000011000000101001010001001001101110001
523	1111110000111010110100000011010011100011011110011101100101100100101111011000010011011111001000010000
3715	1100100111010111010011010101100000011000100001100000110011011001010000011011110001000010100011001110
4178	0010011110100111011100101110011100001101100010000011101000000111110010111011100001001100101110111100
6616	0000011101111011001001101111111100111010010101000100111101011100011001001100000111100101110110001100
9378	0000010101111011100001000010101010110110100110000000110110100000000111010100100011001100011010111110
4059	0001110111010100101011011110100110010100101001110101001010010101011111011100011101110001101100011011
3008	1000110100101010011101000110011000100010000010000010100000110100111000001101100000010101100010011101
3675	1000000111111011101010000011100011001111011011010101010011101000111010011110111010000100010101101110
7049	1101000101101100100100000101000001100100110001000111010110110010010110100111100101011101010100100011
4648	0011110110010011101101111111011111100001011101010101110101000101001001000000010100111101111001001100
3957	1011100000010000000011011111000110011011000001100100001111000000001101100010001100000110100000111110
2414	0011101100001111100011100001011100110000101111110100011011101011100001010011101000101111011000110001
510	1110011010101110001011000101110101100101101101100101101000101010000100111000101100011010000001001100
5578	1100101011000001110011111010111111001101110111101010111000110111011000111111000111010011111101101001
8220	1011011111110111101100101101101110110110000111111101110100010001010011000011100100011111111000100011
7895	0111111011111110011000001101000100011110000010111110010111100001111100101000001001011110111110001010
5048	1110010101011001101000001011100100000100101000100000111000111010001101000010010101001101011100011100
179	1111001110010101001100111000000110000000011000010100110101010110000111000111111010010101010001111001
1902	1010011110011011010011010010110100011110001111111100101000010100011110110101111110001010000110001101
5543	1011101001111000100110001000000111001010100110001001101110001101111000110011111011011100011011100111
2687	1110110010000011001001001101001111011000000100000111110101110100011101100101000010010011011010010001
1214	0000110000011000001110111001101011011111011100110111100110100010100111010010111101100000111100110111
3846	1111000011000110011101000010101010001001010100111000101010001110111110100100011111000110111010110010
6079	1010110100101111111101100101111111111001101001011101100001011011100111011100000100011110010011001110
4862	1010110101111110000100001100001001001001110000010010000010001101100110000101010001010101000010100010
2637	0111001011010111001110000100111111111110101101110100010010010000101000000100000010000110001101000000
4212	1001100000110111100001101101100001001001101011001000100011100111000011001000100100111000100001110011
5447	1110110110101010101011110000110010011000110000010000101110101011000100010000101011000010000101100111
7013	0101111001100010100001111010111110110001111010001111110001111110000000000100110101010111010000010110
1571	1101111011001101110001010010101011000000010001111011011000110000111100110101010101010001011101001001
1536	0001000110100011011110011101111100111000000111101011110011001011011101100100001100110110000111110110
9340	1011001110010010010010100110001011110011110000001111011110111100100011111011100110010001011101111001
1923	0011101110111000001001101001011100001010001100001101000000111011000010010111111111011001100010010001
1507	0111001110111111111111011001000110111100110110111100010010001010101001101101100001000011111100000100
2657	1101001101101110001111101001011001001111111100000001010010110111000101110101111011010111101111000000
8617	0001011111101111110001011001100010101010100101010100010000001000011111110111110111011001100100000010
8195	0011110101001100111111011000111000000010010100101101100100101010001100100000100101011100000101100110
2632	1101110110001011110101001000000000110010011001110010110011000001001111010100000001011001001101011011
3326	1011001101000110010110101000101110010000010011000010000101101100001101111000101001010010111000100011
5209	0111101111110001010010111000100001000101000001011110000100001000001010010111001111111000011101011001
9638	1100010000101000111000100110100111110101111001111101010101100100000010000110001001101001101010011101
5030	0010010101111010101101111000100101010011110000011001001111111101100100010010010001001110011001001011
9332	1011101110111010001011101111110101011011001001010010101010101001000010010100110000111110101001100000
7738	1011000110011111010010010101101101111011100111001100011001010110011100111001100010000010100111000001
3201	0101011100001110110110011101010011110110000111110001001001000101101100011000010111001000000001000110
1280	1000110101111011001010100010010110110110001000011111111110011101110101111110100110100001010001110111
6857	0101010100100001010010100001000010010100010101001111010111101010111101011000001001101000111010011000
3526	1000101001010010110110101110100100110000011101011111111101100100010000110011000010110010000010001111
9351	0101010011001000101000100010011110111000111111101110110110001000111011100001010111100001100000110110
3307	1111111111111010001101011000100100000101000100100000011000011000101001101011010100100100101111000000
8496	1100110011010011100110000001111110001010101011010000001101111110001101111110101111001001011110000110
4494	1001010011010000111100011011010010011010101110001011110010010010101001010000000011001110001101111101
4858	1011111001000000101101111100100101001010110000101111110110110100010011100001101000011011011101011001
275	0011001010001011110000110001010000110101101011111100011011110010000001010010100001100101100000110011
9997	0110111001101000000110101111000000010101001100111010100110011001001101011011101100110011011001111010
9368	0001010100001000100101100010001111011110111001000011001111100010111111111001101110000000000111010001
2493	1101100000110100010111110011001111010111111100111111100111100100111111001011010001011101111100101001
4252	0110111010011000011010101001001010101000101111101000100001001001100101011101110001101001110111001101
6122	0110100111111101010111101001101001110110111000000101111001010010010000100011100010100000011010010001
5210	0010011101001110000011001001110100101101010101110111100100010000101011101110100110111111001000010011
5310	0011100100010011101011011100101100100101000010111001101110010100111111100100010111000110010010101101
7498	1101001110111100100000100111001000000100110101010101010011111100111111101101111001110110101101100000
9787	1010100001100001111110111101001010110110001100010111110001110111100000101101101000010111011100111110
1590	1111011101101110000001111101000001010110001011110011110100010001000010001100101100111000000001110111
1058	1110111010000011101000110110101010101100000111110101011111111100110101111111000101100010010000000011
4885	1100000101111100111101011101111011100001010010011110000000000110001111001001000001001001010110001101
4399	0010010101110000110110000110110011100111000111111110011100001101100001011001011101100010000110101101
153	1111101101101001000000001001001101111001101011100010110101100110010111100111110111011010011001010000
3968	1100111000011010011101101000001011100001010011000110000101001101110110011000101101100110011001001011
2519	0001000001100011011010110001010101111010100011101101100000110100110111100001001100111011111111010010
2488	1001011010000111001100011000010011010011111111101110010100100001001100011111001000010010111110101011
1630	1111110111000001111110100010001111111010011000101111001100000101101011101110010110010101010010100101
5619	1100111010111110100001010101010011101010001010111101101011000010000111101101001111101011010100100110
8247	1101111101010101000011101000100111001010010001111010000110101010000001110001000000010101101110100101
1164	0110000001110100100110111100111001010111010001110110110011000010010001010000111011010011011101011010
2455	0100100100101001101100000110010010110101100111110101100111011010011101001110011001110010010000101001
233	0011101101111100110110010001100010100100001010010110101011101101110001110101010110000111000001100011
5098	0011011000110100000101000100000110001101011110001000111111011000001110110011001001011011111010100100
716	0000110010011001000011110010010100000101100010110111111110111011100110011000011000010000010000111000
7023	0011000100001101010011101110010011101011100000011101100010000110011000001001111010100010001000001000
161	0101101000100000001100010111111000001111100111100000001111110010110001110111100001110000000110010110
1192	0110000101010010100001001110010111100001100101101001000000001000101101001001101000100000111110000001
901	1100101100100110100000000101001001011010000000001010010111001010001011000000101110000011011111000001
7753	1010010110011110100100110100100011011110000111111100010000110000001011110000101011101010000111010110
4100	1101001110010100001001011001100110111100110110011111111011111000101101110110100000100100100111011101
2717	1110011011111101000001001010010100011110100101011001110001110111000011010010001011010000100001000000
7220	0011011010111011100101010101100001111100010101111110010001001111011110111000100011101111101110100010
2236	0010101110101010011110100110011100010001110001110000100110110000001001001001011000111110100111111100
2754	1101101101001000011101000001111101101011001101100011010000100010101111100101111000010101101001001001
2881	0110001111111110011000101001110110110001011110011000101100101111000111010101001000110110011100111010
6830	1110011010010101011111011010011000010010011101000010011000110000111000011111000111011011110001100111
2995	0011111101110001010011010110101011110000000001001110010010001111101111100111100001011101100110110011
1536	0000001011001111001010010111101100001110010111001010111010010100011111000111000000100010000111100001
665	1101100010000111000110011101011000111100010011010100110110010101000000110101111100000110100010100111
6369	1101110110110100111101001000100001111001111110010000001001111110111110101101111101111110010110011000
1455	0110011101011101010010011110110010111100001111101001001001001001000110010110000100011101011011011101
5184	0110011111110010101110100101011011000100111001010000100011011100000111000111001011110101111000010000
6302	1011000100110111001111111010000111001001100001001111100101100011011111110101100001010010001001011100
9029	0000010011000110110110000100000101000101111011000010111101100101001001011001011001111111000010110101
8736	0000101001010011010011011000111010101101111011001000100110001111110101101110000000101001110001101000
1586	0001110001111001000101001010000111001010001000100010000100110110010000110110010011101100110001100011
3295	0111110110100010101110110110101000000111011100010010111000100100110101010110001001101111011100101100
1654	1000110011110100101100100000000110100010010000101011011011010000101001110100010000011001100010111111
2692	1100111101111101101100000001011110100100010101001111010111011110111011010011010111000101001010010000
4136	0011011100011110011010111001001010100000100000100001011000010111110110100110000110110011110100011110
4962	0011100110000110111000100011010001101000010001000100111101100111111111000100100101101111100110000010
6854	1100010011000000101100100010101111011110110001001000101110010111000000111011001101011100001111100011
4446	0110000100000001010100001110011000000001110111110111110110110011000101110000101111110000111010011010
8864	1000100000101101000001111110000110011000011011110001011001001011110000010001001001011100001100101111
4448	1001111101000101001000001100100011100111100110001000110000001010011001000011110101000100100101001011
910	0100100110011010111110000001011010111010101110110100000100111000110010100101110110110000000001110011
2601	1111010110010110110011111101101000001101000011100011110101100000010000010011100011010010100001101001
9469	1101100010101001100000011010001111101010000011001100100100011010010011101100011001010010001111000000
897	1101101010101001000100100111101000000001100001011101111101100111010010000001101001111100111100101010
4181	1011100001010101010111110000000010010001110111001011010110010000101011001010010110100010101001011010
7918	1001000011101000011000110111111101111100111000001011010010111110000111010101010101010010101000100100
5462	1001101000001011011110010100101101010101010100100011111101001001011001101001010100110100000110110111
917	1001100000110000111001110010100011110000001011100110111001000000100100111010010111111110010101000000
6468	1101000110110001001111101011100001010001100001101110101000100001010001110011001000010010000011010100
6021	0100011000001011000110101011101111010011101010000010111101011100011000110111101010010101010001001010
4211	1011010001000100000111001100100011001001111000010111010110110010111101111001111001010011010011111011
7412	0001001100011110001000010000001100001001100000101100000100101011000001100101000011110010011010011100
1720	1001011110001000001011111101100110001011010101001101100100011000110100001011100100110101100000110110
7081	0000011010010011010001100010011000011001110001100001111100011000101111111001101101100010110001010000
2260	1100000100011001110010001110100010000111010000100001001001011111001100010111001111101100111101001001
2136	0001000000011110001010000010100000011001111001101101010001110111010010011000000010010101101001110010
5801	0001001000010001100000001001011010000010001100111011110001100100001100010001101110100101001001101111
4510	0000011001100110111111001000001101000000100100010101011110001101000010011100000111000100001110111101
8261	0000000110100000010010011110010101111100101000100101101101001101010110100100110110111111110100010001
1897	1010101000100010011011101000001111011010110101101001111001000011110101000011100010000000011000011011
3210	1111011111110010011000011100111100011111001100010000100101011001110010101000100000011011100101111100
4822	0010001010011110100011010100110010111010011101100010011101110110110101001000011011101001000000001001
1790	0000011011000101110011111100010101100000010100011101000110110010010011100010010001011111001111010100
5672	0111000110011010011000110111010111000011010101001010001100100111110111100100111001001010010001010100
4337	1000001000111110110010011000111111101010110001011000011011110000100111000001011000101001111011110111
241	1100011000011010110100110110100000000000100001001000010101010001101001110111101000111110111000010001
4879	1100101110001001111011011111010101111111100010000011001100010010000110101100010001110110110001110011
