Size = 100 
Clusters = 151 
39	10	0
18	73	30
76	32	38
17	10	36
9	74	70
96	93	38
23	84	7
78	9	18
96	1	57
3	48	92
57	60	2
35	82	5
23	99	11
31	64	41
8	44	81
34	12	69
82	3	53
91	56	71
39	98	69
86	96	66
8	99	59
75	32	43
55	20	78
13	75	32
80	34	86
94	74	87
26	42	95
50	22	89
15	32	83
78	48	3
2	3	3
54	71	89
67	90	67
71	60	95
19	38	93
72	6	46
99	55	16
0	94	98
8	86	47
30	87	25
50	27	63
93	57	38
68	89	89
42	86	72
93	30	10
74	15	33
77	23	91
26	79	22
77	63	48
12	54	10
37	3	72
84	67	40
76	89	59
17	76	63
10	46	1
30	3	84
67	70	93
55	22	42
50	33	6
92	64	75
44	3	42
29	97	66
4	77	20
14	95	23
82	63	74
6	56	27
22	16	3
95	98	66
70	76	6
22	36	85
12	70	92
46	90	65
71	47	80
99	41	85
87	64	89
9	95	0
89	27	67
7	37	33
10	20	12
96	6	7
77	91	51
95	27	89
26	65	46
80	82	25
88	15	82
56	46	22
20	52	42
71	37	7
5	12	19
59	37	55
83	35	66
25	35	55
97	83	11
75	18	21
90	69	15
16	3	65
86	41	57
34	50	87
87	79	75
44	37	82
18	41	84
19	58	0
7761	0100100111011110010100010011101010101101101101100110000000000001110001010000111111001010001100000010
1763	1111010100001111001111001111110000101010100101001101100111110000011110100111111011110000100110100001
7775	1001110111001011000110110101100001011001101011111110000001001001110100101110011100101000011010011000
8454	1101011100000111100101001011100010101000000100111110100111110010100101111001011000000000011100000010
3053	0010101011100101110110100100100000010110100010100010100100100100010111110000001100011001011000101101
8810	1000100101110011001101000101100001111101110111011111000111101000101100110000100011100000110001100010
747	0001101101101001101111101100001010000000111001101110000111100000111110010011000011000001110011100111
2829	1011001100111000101100110001100111100110110110101111100111110010010000011100110011011001110110110110
3673	0001101011111101111101010001001100011110000110000000011110010101000011100101010101101011111010101001
6363	0010101011100011000110100010011001000100110101101011101101110100111110010111011010011000110010010100
8313	1000001100010001100100000101110001111101011011101011110100110000010000100010100111101100000100111001
3679	0111011011100011011000110101101110010100100001110111000111100110011111010110001110000100110110101010
6013	0001001010001110110001001100001111101001100100010001001000001111101101101110111110110101001010111000
1499	0100001110000100100101011111000001101000100011101100011011010010111010100101001111101111010100100110
6384	1101001000101000101100010000111000111011010101010111110100110101010110101000110110110001010101000100
7615	1100101100001000101011000010100001000001100100111001000001110111000100101000101010110000000010001111
4970	0011111110011100111000110010010110101101101000110010001101000011000100010001011001110101111011011101
1087	0100011110100001011000000101000110101000100001101100000011100010100100101110011010011111000101110101
31	1011001010011011100010101000011011101110000101011001101010001001100101100101111010111111000011111001
1285	1100001110000101000101001000100101110111100000000011100010001010101111000100101100100110011000000100
4365	0110101000001011111100000001101100001110101100110001100100011101010001110100111011011000010100111101
7934	0101000001010100110011110111000011101001110101110101011000111010000110111001000011110111100100011100
1332	0010111110101011100111010000100001010011011111010011110101001111110111110101110000111101101101111001
8759	0011000100100100101101010111001110001000000001001001101001001010001101001100111110001011111100111111
113	1110000001100110000111010111101100011111101001101011010100011100000110000000100010010001111011000101
1253	0110100000111100100111111101000000000100010001000100111100010111101100011000010000000101101110001110
2285	1010000000000100010111101001011011000001011010101010001000111100111011001101001111100000001001010000
2316	0101100111101000111001010010001001001110001100100011000110000101110000100001010100010001010110010100
7429	1011011011001000001010111001101111010111001011010000000110101011110101000110100100001010100011101110
781	1011100001101001010101100011110110110101110101001100100111111011110101011001111001110010111101100101
1197	0000100100101110110100011010000011001100101011010010000010011011101110011001001010011010001101101010
140	1110010000001100010000110110111101000010111101000110111000101001101010110101010110011010010111100110
174	1100010100000101001110101001011101110101010000010110010000100111101011011100111111001011001001001100
4090	0001100100011101110100000010010011111011001010001100100001110101011100111010011011110010100000110000
6531	0111000100110100111110111011010111011001000001010111100000100001101110010100001111101100110001001000
1628	0010011000010111001100001101000100100110101110110000101011110001001111101000100010110100011101011010
4254	0001011100111110001000010110000100001001100100101110000011110101100110111100111110100100101001111010
6165	0101110110110001101101111011010111001010001011001110010111011111000001101001100000000101011001111000
6151	0111111110011001011001010000001010111111001010110001100010000011110101101100000000011101100000110100
2264	1101001010010101001000010100010000000110001100000001000011001101100010010100100111011001001001011111
8084	1000010011111101000010000011101010000010000000001010010100110111000011010010100011010101100110110000
5515	0101110010001010001101101101001110001110010000110101101101010110100100001100111101110001010001110000
2134	1011101101100011001000101011101111000100000100001110101010010010111011001011101011111010001001010101
2001	0000010011010110010011010100101000001101011000000110111101011101111001100001000111001001110001101011
6501	1100101100101011101001010110100111011110011110101000101100111000011101110010000011101001000000000011
2055	0001010001001001100101010011011101100110011010011010101010000010010000100001010001001001011110100000
3360	0001010010000101001000001010000000000101110101101111011011010001111101001010001000011010110000011110
1417	0100001100100000010010000010000010011010101101110011101001110111000111000011010100010001011100001010
4523	1000011111010110100001001101010001111001100001100011111001001101010010001001111101011110110100011001
1197	0100101011000000101100100000110001110010110001001000000001000110000001011110110010100011110001000010
6671	1111110010000101011010000000000100111001000011001100101101010010001011001011110000110010101000101010
1724	0011001111110000110010000010000111110000010110011111100110100111011010100010101011110001100011100100
3948	0100110011110010111000111000100101001001001110110111010110010100100010100110110111110001110010110011
7976	1011101001100110101011111011001000111011110011101001001010100101100011010101110110100110100111101100
2219	1100100000001101101000100110010011100001101000010100111110100110000010101111101100010011111010011110
1841	0110011110101001010010101100000100011101111111000111101101110011011001010010010010001010110101110011
8126	0100001001001010110111100100010101111110010000001011111011001000101001011110000000101101010110000001
7686	1100001010000101011000001010001101101110101001101101001001000110101001001111000001100100100100010011
1003	0010001001100100010000001001110110111100000001100010001101001110100010101010111011000001011000110010
1361	0001101011111000011010101110011000110111101110101101000000001010011011111001010011110010011110011010
25	0111110001011101001111010011101011110100010100010001010000011001010110100101111101101100011110100011
8193	0111100111001010111010011000011000010000100100000011111111001101110011001001010100101001001010011100
1133	1011110001100110110110000000000000011011000001001110100100101011110100101001110001101011001011011101
934	1101100111010010011010010001000010011110111111110110010000101000000100011000111000010111110100111010
4029	0011011110001001110001000101010101000010010010001111001001100001101010110100000001011100101010111011
2737	1110001101101101000010101110111000111110111101011011000001000100100010010100111111011010000000010011
3305	1100111101100000001111101001001101010100010111000100001110001110111001001100100001001110000100001101
3991	0101011110000101001100010100111110010110111011001111110011001010011101001010011011110010101010101101
8277	0011110011001001010111010111100011111001001100000000110101110110111011001011111100110011101000011100
1312	1111101100001001010110001000110100001011000001100111011100010011001100000110000010000001001001011011
1395	1110010111001100010100110001101001100010011110111110101010001110101011001110101001001001111010011011
6227	0101001001100101001000000001110001101100100100000011100010001111110111010111100111010100101010101100
2268	0110000001000111010011001011001000011011010011100101010000110011001010100100010011100011100000100110
797	0001010110011100011101111100001111001001000110011010010110110101100001010101010101110010101101101101
5727	1101010010100101001111001010100011100011011110011110000101111011101001011111110111010001110110001111
8475	0011110001100000000111001101110111110110011001000000000011001010011011000001111100000101011101001001
7790	0011001100001111010011100101100010011110110101011000101010101101010101100110110101101100100000001101
581	0011100111010000001001001110000010000101011000000100001100001100010010100111001111010000000111100111
8938	0011100100100001101011111101100010100100000011101001100101110100111111100111101011000000100010111001
7701	0011001000010000110000001110011110010001010111010010010010001000101110100110001001110100111110000000
1745	0000010100011010111111010011000000011000111100101101000101101100101101101111100101101110110000011100
3663	1011000100001011100001011011111010100000101100111010101011010010110000110010110011000010010111010110
3222	1001100111011110000000010110010111001010011111000100000110011110000011101000101100111000010000001010
9581	1001001100111111111111001001010110010111011001111010100101111111110000000101011001000101000110110101
614	0101011110110101110001000100000100101101000000011011111100100000010100010000100101001001011111110110
2758	1100101001011110011010000110110111101000011010000001111111011101000010111011110100100100010110100111
4709	0011010011100001001000001100010001011110010000100011010001011000101000010010010000011111100111011011
2958	1010110000111111100001100011110010111011011111101100100111101111001000001111000000100001000010010110
7898	0000111100110100011111011000110101010010010001010000001110110001111011010100101110110100000000000010
2011	0110000011001110010101101011111001100110110000100011000101110000011110100110101000011110100010011000
7321	1001001100110011100111101111101111001010001011000101110010111010110010011100110001011101101110110111
6674	0000001001000111101000010001111111001010110101111001001001001001001001110101101111111111001010001101
6449	0001101101000111111001010100111011111111011001000000000111011101000001110000101010000011101000111010
3835	0011111100001001000011010110010010111001000001101101110111110101000101010101001110110010011001010001
1227	1011111100100001101001110010101110100110100001100011100000011110010100010010101110110100001101000101
8806	0001011001111011100010010011101011110100000011011001011111100111110101110001001010100000011011011100
3781	1011111110111010100110000010001101011001010001101010000000010100111100010011111001000010101010101011
7023	1100000001011001110000000010010011111110010100000100001011000101011110000010101011111001111100000111
3162	0000011111010101010010101110001110010100011001001010011100110101101111100011101010101111011001111110
8640	1111011111111101101010110000100001101000110111110011101010011110010100011101001010101000100100111000
6123	1100100100010101001001110101001110011111001110101000000010000110110100011111110000011011000001011111
563	0111010111101001100101100111010110010100010101010001010011110010010000111011100111000010000001011111
1766	0101011110010111110010001011110100101010010010001001111010000100100101101110000010100000110111100001
5237	0011010011001010000110010100010101100100011010000001001001000101101111100111010110011001100001010011
7623	0000000001101011101110010111100111000101010011000011000001010110100110110100100010111100110000000111
1177	1011110011101010011101010100011100100011010001100111010011000100111100000000001101101011000000100011
1453	1111000110100011001100000000111110100010011010011110011010111111111110101000010000100011001111111100
1397	0111001001101111111001110001100100111010000111001000110001011100111111100011111011010010010100100111
1072	0110101100011010011101000101101111111110110110110100001101011000011110111001110101111001110001111010
7134	0100010110110010011000000011100100000001100111110000001011101110111011011100001110000110101110110100
645	0011101111010010101001100001111010101101111010010111101111110011011111001110100101010010011101001011
9050	0010011100010000010111111011011011001010100111011010110001011101100010110010101000010001000000101010
8710	1110010000110011101011101000011101111101110101010010110101011111110010110101001010011011100100010000
4220	1011111011001001001000100100010111000010011100111001000100101001011011010101110111010110000010100000
3691	1000110100000011101100100000110111100101100101111101000101000100011000011001101101111001100111111111
6545	1011001100100011100001101100110100000010001010111100100000110111001011111111110001001011110101100010
1170	0110000110110001100011101110100110010100001101010000010000011100111101100110101000100101000000010011
5968	1000111000110000001010110001101110100100010001010001011100101010010101000001001000001111101001100111
6762	0100001011001110100001011011000001100110101010101111100010010001100011110101011000100110111010110110
487	0010111110001000111010000001000110001011110010001000001001111111011000110110101000011100000110100101
2062	0110100000011010100011100111110010100011001011000101100111011011110101000110100001001111011111000111
7695	1010010001011101010110100000000011010001100010001101000010111110001010001000000110111110101101100001
624	1100001010100011110011111000110100101011111110101001111000110111011100000110110001110100100010111101
7063	0001011100011010111100101111100100011111101010110001001000110001000010101011010010010101110000010011
9015	1000101001101100101000110000000101011010110100110100110110001100001001010101001110010001011110011100
7684	0001000100110011001010100101010110101101011100110001100001010010000010010100010001000111110110111101
2525	1110001010101010111011100000100000001011011111000001111101001100001100011011000110111110111010110101
2274	0001110110011011111011101100010101101100111010101010111100000101101100000000111000001100010100101110
816	1010111110000000100100011101101010000011110110011000011101000011011101101000101110101010010111011011
1869	0001011111010000101110000111000110001010011100110010001011010100100110111110000111101101010000000010
6285	0011010101001000101111111100000100111100111111010010000100110101001110100111100001001110111001110111
8624	1100011010111110110111111011101010010000011011110111111101001101100100110100000100001101101111111100
2104	0000110100011111011101001010110010001101001001111110001010000111101000110111001100111111111101111110
1143	1111010001010000101100011001110100110110010010001110101011010100100101010001100010000110010100101010
7896	1010011010100000101010011011101001000000010010011011010101000001110011111110110010101111011110010111
7221	0110000001011110100111100110011100100011111100111001110010001100000000001111010011101101110111100010
2478	0110111111111111101011100011100010011011100101101111001010101010001110100111000001000100011001101110
150	1111111101001110011000011011111101000111001000111110001000010101001001101110001111110100011000011011
2951	1010110110010001110000001000010010110001110001011111011100001110100001110101100011111010100011001010
88	1100011111101110000000110000011110010010101111110111100111010001100100011101011010101001001100011101
9779	1100100011111101010011010100110100100111100100000101010111000111110010100100000111001001011000110011
9913	0101100001001111001110111000000000100011101001001110111010111011011110111000111101001010110101100100
7513	0110111110000011001000000110010100111001001000110001001001100110111000101000010001000001101110111111
5455	1010100011000001101101001001001111001111101000010100011010111110000000101101100011100101101001111110
3344	1100000000010001010011111011111000000110010011100010001011010001111100010011110010110010011000001001
1436	0011001000011111101000101000111010111001100000000111010101010100111101111100101000110100100011111101
4438	1011001011101010110111011011010100101111111010011010010110000010101010111000100000110011001010011011
5326	0011110111001010101110000101011111111110110000011001000101101010111011010100110100100101010000011101
201	1001100011110100011011010001000100000110101001110101111001011110000100011101101111111100111000101110
9440	0011110000011110101100000010110010110101010111110101100110001100001101100000000010101001101000111010
7843	1010100110011101101000111011100101111110101100111101001000000100011111100001001100000111100100001000
