Size = 100 
Clusters = 105 
98	73	0
99	44	2
7	25	50
25	67	94
65	95	11
79	42	24
89	77	57
27	93	16
49	47	9
11	77	54
92	92	2
16	17	66
87	2	17
99	76	39
15	19	42
73	86	59
29	19	93
16	9	54
34	66	75
12	10	92
73	13	69
78	24	31
22	69	60
5	67	2
82	37	56
42	86	55
48	13	37
94	91	93
5	36	10
25	18	33
41	55	20
66	26	54
53	29	93
49	90	30
69	80	56
4	40	69
34	79	41
19	56	79
65	26	77
42	10	89
14	52	56
45	77	0
97	2	21
55	65	72
8	12	66
13	49	59
27	91	33
16	16	89
85	84	71
29	5	34
84	38	71
19	34	48
73	9	51
57	19	21
36	27	0
83	96	44
24	62	76
38	20	32
32	43	40
97	56	72
88	69	90
17	90	84
5	3	54
15	83	24
61	69	16
75	39	83
73	60	48
2	72	36
19	77	20
98	84	53
13	47	98
41	13	30
23	63	71
45	39	9
58	43	71
87	29	24
44	87	79
56	40	45
28	65	76
46	47	2
55	80	21
87	57	46
30	52	22
12	56	53
13	12	47
39	92	78
89	26	81
95	16	78
37	40	57
92	4	42
10	29	8
71	75	65
38	27	98
93	24	95
87	45	39
63	33	81
99	92	10
62	91	76
85	45	15
81	91	6
76	81	98
36	15	0
1002	1101110011000101000110000000001011011101011011100010111101011100111011110011010010110000001100011000
6836	0001000000100011011000111100011100110011111010110110000101010110100101111101001000000001100011100001
6388	0000111101001011001110010001001000101110010111011101110011000011111110100100010101101000010111110100
4476	0101101011110001011111100010000010000010001111000010000011110111000101011011101000011100000111110010
2661	0100000110100110010101110011100101000100000001011001000000010111000010110111111000000010100000001111
4814	0111001000010100111111111111110011010001011100110100111011010111010111010011011001011001101110100101
8902	1010000001001110110000010101011010001001101011001011101001010000110101001101110111010100100010101011
3791	0101001001110010110000010011011110001011110010011000111100101001111000001000101110001010001100101101
8155	0001010000001001101011111011001010111110101000001101110111100101111110110100110110001110101010111110
9502	0110110011101001110110001001111001101110010010011111001010100011100011101010110000100010101010000111
903	0000010100001011111000001101101101000010110000111011011011010110101000101110000110101111011000111000
8507	1111100011101111100101110010011110110111110100000011100010110100010000110100100110100000100010001101
2707	0001001111011001000001111101101111100010111101011101100101011101001100101000010110001101011001100000
8638	0100101101110100110001100111001001010101100010011001111001010111001010101010000001100100101110001111
6753	1111010001001110100001101100011000100100110011111001001111101100011001000011011100010000010001111100
8053	0111111110011001001100001101111110001100010000000011111010100100011110000101101001110011100011111011
5863	0100011011101111010100000001110100011111001000001100101000110001111010111110010001111011111010111000
2470	0011100000010010001110101001101101000100110011000011111011001010111010110010100010100101101000110101
445	0110010000100110100101101011100010000011111100111011100101000110101101010110000010100000101101000111
4178	1101010101100110010011001111101101001110001011001011001110111110001000100010000101011001001100001101
1253	1100100100111010001011111000101001110001001101010101001110100101101100100010111111110011000110010111
9117	1111011100110101001000100110000101111010101001010100100101011101101010111000100101110100101010101001
1073	0111001111110111101000001100101101101111001101110101110101111000000011110110111010001111000101111100
1308	1000000111101101000110110110000101111100010110110000000110110100000000000101101001011101110000011010
2663	0100000001001100000101111010001111100001100101110101100101100010010101111101100001010111010101110000
6514	1101010111010000010100100000011011000010100000111011101001101011111000101110111111110101001100100101
2524	0110001011111000110001010111110011111111101100011010100101001011101110010000010001001011111100001001
625	0000100011101101100110111100111101111111101110000000011100110100101001010100101100001110111000010100
8277	0101110100010110101001011110111000111001011001101011001111011111011011000101110001011011110001101110
2939	0101101011001110001100001110100100010111010010001100100111101100110010011000001001101101010110010000
9392	0100000101000100010101011100001100101001011000001100001010110010101100001010111100111010111010000011
3630	0001110100100010010101101100111001001100100010000011110011010011011100000101100000000010010111011000
4569	0111100010101010000011000011010011010110111110100100010100000001111000011000001110010000010011011010
3741	0000101111110100000111110010000111001110000100110110001011011010101011100111101110001101110110011100
5150	0011001001000011011100110011011111101110001100001010001110111000010110011011000100111000101100100011
1404	0110111110001111110010001101011110001000011001111110001111101111001000111000101110000100110011010001
1890	1110101101111101100010000000100111010001111111111001001001110010100011110111000100011100100011100000
284	1101110111010111001010000010110111011001100011001110010010101001101000111001011000100101110000111101
8152	1110001110011011100101100010000011110101010010000101101011011000101100010000000001001100110100101110
5690	1001000100100111110000111010001010011111001111100110101110100010101100010101100000101001100001010100
6445	1110111111000001110001001010011010010001110101011010001001001101101100111111111101100000111100001111
2565	1100101000011100010010001010001101001111111001001101000100110010010000010011010111011100010001111100
5762	0110010010011110100011110001010100111011111011010111101001000001110101100000110011110100100001011010
2299	1000000100000010100000101010100011011100100011110100100100100101100011001000010001010111010011111101
7920	0100111001100111111110111000110001100111011100000110000000111110010111100111110010000011001001010110
890	1111100100101110001001011100011101011001000101010011111110011010000111100110010010001010101111110101
5610	1011101011111101100100110100110110011011011000010101111000110100110101010001100000000101011100101100
2336	0001101011001011110111010101001000100011100110000011100010110000000101111111011100000000101010010011
2569	0101000101010111000000011110111101001110001010111101010111011000011101011110011111001001101001110011
2093	1011000001000000001100001000011110001100010010100011110110011010100011011010101101011001011110000000
4249	1011111100110010110110101100010100100111001101110100110111110101100011001101000011111110101100010011
5768	1001000011111001101101100000111011111000000100100111011100011110000001001001100000000010110011010001
9750	1000010111011011100100111011100101000110001111110110100010010011011001000101000000100101101100111111
6129	1101111011000011011110100010100000110011001110001011000111101110111100011111011010100110001011110111
6058	1101011001111110101100000100010001110010110110010111000011011110100001110111111110110100011010011001
6662	0101111100100001101001101010100000001101101110110111110110010111100001111100101100101010000101100011
4053	1011101111110010000110011111100111111110001101100110000010000011101001000000000000001001111000000000
828	0101011111110011110011011101110110101010001111011010101000011110010000111101011110000110111101000100
6682	1101110111000110100100001000101110101011111011110001000100010000111100011010001010100010101111000000
3555	0010100110100001010011011011100001001010010110111010000101100110101011011101001001011001111011110011
2703	1110101010100000010011100000000100000111111110010001011100010000000110110110011011001101001001000000
4961	1001011101111100110111010100001100000011011110000000111001101101110011000101011010010110110000001111
913	1011100100111111100100101010101101101111110110110001010111000110101101001001000000100100000011010011
9638	0010111111100111010101111100000011010001101100000011101001011100011110000010001100010101010101101111
2512	1101101010110000101101011110101111010110000000110101011111110001111111010010010111000000111011110101
2013	0010010100000101000100010110010010000000111111011110011001011101001000001010010101100111010110100110
2687	0100111100100010101100010001101000000010001010010110101010010000111100011011001011011100000000110010
3793	1010001111010110110110011010110000111101101111110000101111110100111000001001110110010001100101010011
8233	1110111101100010000111010010001001001001011011010110000100100111010011111010011000011110000010010000
5279	0101001100110111111010101000010100010111110001110100001110001000100001111110111110000000110001110011
5593	0100011111111011001001111010000101000000001010010010111010110001111101010010011000101110000111111111
9597	1100111000100000011101101100000110011101001100100010011000110100011010101111000110101011011111011111
7369	0110111101100000101010110110101011000000001110011111100001011011101100110010111100111011100101011001
7757	1011000000000011110001010110001101111100001011000010011110000100110010101111111100101111011111100111
1830	0101001000110100001010100111100000000000111110010101100110100000010010100010001000001110010110100101
7961	1111010011001000010010000100101010000001110000101011100110111101011101111011111001011100011100011101
4809	1110101111100010001110010011110110100110100011100001010001101110101011110001000000111001011111100000
9748	1000100011100001010010110111010011011101100101010000011001100000111001110110101100100110111000100011
3269	0100100010101010110110010001100110000000000010101011000101101000101010100111010010111010011000010001
2206	1010000010110001111100100100101101000101000110001011101110101111100100010110111100111101111100011100
1111	0101111000010000101001101001010010100110101010101010010111110011111100101101110101011110110100001010
7040	1011000010011111011010100001010000000001100000011100001010100000100001110000101101011001011101110011
1329	1100001111100111101011100000110010010001101111001011010001101000011000101011010101011001110100011110
8325	1001101101100111110101100110001001001111101000101001001111110011100101100101101110001111110010000000
293	0011001110111100011111010000000100100000000000011100101010111001001100011001110100001010111111011100
7037	1011110000001100100100011010101110101110101001010111110010100100101011100001000001000001101100000010
999	1000100011001011111010100010010000100011010010101110110011110011111001101111101001000011110111110101
3229	1011101100000011110110011100011011110111100001111111010011100100011000000010010100001000000001010011
9698	1010111011111101110010001000000000000001011010101010000000110000111111100000111110110111100100101011
9100	1001001011001110110010011100110101000001101100011101011111000000101100001001100010111000011110100001
1254	0101100100111001010111000100101110101110001011001000110001000001111000010100100001110100001000101000
6487	0110011010001110110011110110001110101011100110010011100001001010101000000011101111010111001010010100
7176	0010110111110011010010010100100001000001111000101011010111001000011101111001010111000010101101001111
9690	1111110001110101101011100011001111111101100010011010100110110101011111100001100101000111100001011010
6136	1000111001011010000010101111110101011001110000001010001001011011100110100000110100010110101000101000
2228	1111100000001100110100010000111000110101000000010000101010000110001100011011100000100100010100011100
2167	1011001110011111001111001010111100110011101111000110001101111110100110000000110000101001100000110110
3020	1100000111001110100000110110000101010001111111000010111000100111111010100100110101000101100010000010
3200	0101101111011111000100101000010110001001010110100000010000100011010100100001110001010011000100011010
4546	1110001110111011101110110001000010000101000011110111000010010010000111011010001110111110011001001110
2530	1111011100110111101110101000101111101110110110001100000111111010011110100001111001111100111101110000
8015	0010100001000100111001011111100110010011011011111001001011110111111000110111110001111110000100010001
2355	0001011100010011010010011011011000110001011000010011100000011111001110100011010100110111011111011111
1825	0110000111101010001111110111100111010000001001101001110011000001001001001111111100110001111000010101
936	0000111100000111011100001101011010100111100101100010100101110110101000000110111111110001000111011000
