Size = 100 
Clusters = 143 
17	98	0
38	25	24
69	46	85
49	65	99
37	84	65
68	51	77
63	29	88
61	25	16
78	1	80
57	72	7
51	76	47
60	12	39
23	24	4
96	36	95
38	5	85
85	31	70
70	47	47
47	90	73
75	9	34
61	62	45
80	84	22
70	41	87
1	34	42
51	18	66
78	40	85
44	71	38
57	97	55
27	39	47
32	5	31
92	89	0
28	62	95
95	45	67
88	19	76
82	72	1
13	79	1
94	25	68
38	15	48
41	63	14
86	87	39
98	38	13
69	42	18
39	69	16
27	84	75
35	21	68
48	32	61
8	20	41
4	3	68
73	54	98
6	25	54
0	42	1
29	35	85
10	8	53
84	36	6
60	31	6
63	55	41
3	80	85
46	43	74
54	96	44
53	40	89
97	41	18
80	73	73
67	95	39
23	47	1
45	31	1
48	25	1
16	32	97
46	91	28
9	24	49
42	78	32
97	54	81
5	51	35
38	11	45
24	92	20
55	88	45
79	81	53
14	31	19
36	42	66
92	14	35
76	78	96
95	54	11
81	97	55
67	51	91
84	60	78
7	19	53
96	89	57
92	13	99
58	40	77
94	61	87
17	29	20
65	8	39
90	78	80
57	58	75
94	0	43
38	99	65
38	49	24
41	54	68
99	9	57
46	16	56
81	28	66
4	72	7
16	59	95
25	93	0
8684	1001101100101110111101011111100111000100011001111011011110111010011011111111101000011011110101100101
773	1000100101010010000000100100111010101111010000110001100101000100011101011001110111010000010100100010
7578	0001101110010111100111000100110110011000100010100001001000011100110011100110011110100011100000100011
5783	0101101001001111001001101111000001100011000000100010010101011111100011010010000111001110011111110111
9030	1100001100010001000100010010110001111101111101000001011111010010010101001010001000110101001001101011
5011	0110000110100111101011100111111100010001111111111110110110111001001001000001100000110101001100100000
1269	1110010111100101011110110000010010100011001001011101111011011010000110001011011111101010110011000000
3745	1000001010100101101100001011101000100101111000011010110100100100000101100011001001010010011000010000
2755	1000111111100001010111001101100100000011110000011010001101000011110000101110000100010001101001101001
4429	0000100110001110001110111100011101101000000110100111001000100001000100101111101111010110101110001000
1894	1011000101011110010110010110111001001110110010100000100101011101011100100101110010000100111010111010
9099	0010100111000110100001110000000111011111011011110101101101000011100111110100011001100001101001111011
6768	0110110110010100001010010111101000110011000001000110001110110101010111011110111011011010011001110010
8966	1011000000000011101010010110111000001010110010101101011011101001110001100001001001011010010110101110
1070	0011010101110011101110101011101110110111011000110111010110101100100101110100111100101101000010101010
8545	0001111010010011010101000111101100011110000110001000010001111100011001100110100001010010111001001111
4533	1110100011000001000001000101110000110101001001010011000000100000000000100101101000011110101010011110
799	1010111111101111111110000010110110000000001010111000001110011001011111110111000110011101011100100011
7445	0001000011010111101101111100000011001111111010101000110001111011111101000010101000100110000001010111
1713	0100110110110011100111001001111100110100001110011111000111100001001000101010100000101000001000001011
4826	1101111101110011110101111011110011011001100110000000011101110101011100000000000100000111100100110101
1903	1000010110001010010000100111011000111000100001010111001011101101000010000000100110111111101101100111
5663	0011001111001101111001101011010100011010100000011110011100111000011000111101101010010001111100010010
7885	1010100001000110001010010111100100010001000010101111001111100010011010000000110100010101000000010001
2637	0001111010100100100001110110000010101010001100100000011100111000111100011110001110011101010000100101
5186	1010011010010011110011100110110010010000110111000100010101111110011111100110001101111001110010000000
6524	0100000000101101001101001101001110000101000110011110010100001001101001100101010101011001100111101100
9473	1100010111011100111010111010101110000011101011011110101001111100111110010100011110100101101011101011
4868	0010101111010011100010101100000011000101010110100000110101110101001111100101111011010001101000101111
2817	1111000110001011111010111001110101001010000100010011110000000000101110111100000001101100000110100010
2590	1110001001000101100000100001010011111100011111001011010110100110100010011000001000010110001011011101
2343	0010000010010011111110010001010001010100100100110111110000101001000101011111001101010100110111001000
7903	1100110001010111011111000001000111101110100011100011001110111111101001010001001001110100100101000110
8594	0010000100101110101111000000001000100000011010000101101001000110110101011110100101000110011110100111
8960	1010001000100110101001111011001101010001010000000011110000011110111000001110011110000100000101101001
1432	1010001111111010111001010100101101111011101111101000101110010000111101100001111100111110111100000100
8818	0000101010110101011111111111010101000011101001111000101111000111111011011100101011100011001010110011
3057	0101011110111011000001100001010010011100001000101001100110110110011111100010100110110110010000111001
5140	1100000010111001110111101001100000001010110111000101110010111000001100100111101011011111000110100011
3461	0101000101110011010000011101100000010101000100001111011111011110110100100111010100100011001110000111
4337	0100110110001010011011110101000011001100001101110100000000110111000001000011010011111100001000001101
8191	1100001000010010000011111100100101001010101000000100011110001110011001011100111100100011110000101010
6060	0100001110100000000100110101101011100000001100000001000001100011011110010100010111000000110010000011
6871	0111010010110110100011000101011110000001010000010011111101110010001101100011111100110110010100100000
5484	1110000100011101010011100010011000100001111101010000111000000100011110000011101010000011100101011000
8105	1001111000010100100110001100111111111001000101001000110000000110000000111111001100100001000000000100
7710	1001101000111010111011000001011001101110100111101001011101010101111000010010100000010001010110110111
4627	0001110001101111011011010100110011001001001100000110000101101101101011001011010110101011111111111011
2028	0011110100110011001000110011111111000110101011001101010010100101101111011111000001011001001000010111
3788	1001011101011110101100101110001100111100100101101000000111100111100001000110110001101100111101001110
8017	1101011111101101110010110001011010101001110111110000011000111100101100101000001001100111011100100010
4498	1010010111011100100100101000100110001110010000000010000001111011000001011010101100001100010010110010
4670	1001101100011000010001111101010011010000111111111001011110010110100000110011111010010011111111010111
1526	0111000111101110100101011011011001111101110110111101100011011001001000110010001110010110101110111000
8652	0111101000000100010100101000001010000011101111010010001000000001000100001111110010110001111100010100
9663	1011000111110111101110010011001110110110011101110100001011101000101100100110101100110001110000000001
6304	1101010000110110111101011011100010000110010111110011111001111001000111011001010000111100001001010011
3728	0100110010100111010000111101000110010001101000010011010100001000101011101100011011011011111001000110
8801	0000011101101000111010010011001100101100011010001010111110010000110010100000010011001111110011100001
433	1110010011100100110001111000000111110010011111011110010111111110111011010001011110000010111000011010
7529	0001110001100111011011011001000101111110010110010111010101011001101011101001000000001110101101111001
8331	1001011100010000111110000100101100110111011011101011000001011011011101111001111110011101010000110111
8293	0011000000011100001110001001010101001101110110100111010100101100010111100100010001000010010110101010
828	0010101011001110110100010011110111001100101001110111011010001010000001011010111011000100001101111000
4366	1010011111100000100101010011110111011001010101001101101011111101101001011010001100001110111000100101
5096	1001011011001111011010010111110001011110011011001111000110111000011001010111011011100110011101010100
1763	0101011011101001010111000000100010000000111011100001010110010001101100011100000001001000001111110110
8370	1010111101001101111010010101010110001110011110001000100110010000110000100111110011101100001000101100
5025	1110110101010100101000000100011101111100100000010111000011111000110100111111111001111010100001110100
8188	1000010011101111101110111110000100011100001010010010001011110100110101001111111001001100111101111100
1041	1010001001001100001111010111110100100000110110000001111111111001100111111001100010001000111100000010
9439	0011010101111111101010010110100100100011101111101000001100110111011010001110111110000101000111110101
1563	0100010110101010000011011100111100011111101111001111111011100110010010000000001100001001001010001001
5027	0011111010011011001000011010010111100010000100100010111101001011011100011110110010001101101110101001
8259	0011000110110010000101111001010010001111110101100011011101100000100001101100001010100000111010110100
1909	1100010100011100011101100000111011010111101001001000011011011101110000010001100101100001110000011011
6477	0110010010011001001010111101100010110100011011011010001010101101111111101000011100010101101110100000
4211	1101011111010111000101110000110111100001101101000011000110000100001100110000111000110001101010000100
3294	0100111100110010000100001101100000010110000111101010100010010010011011101001111000010001110000001111
2069	1001011110111010011100101100001000011100010111001010010001100101010010111000010010010101010001001010
8995	1010111000100010010000110100100011000000001110100011101110110010010011010001011101100111101011110001
3572	1111011000101101010011100111001000011010010011001010101110000110010101110001111111010111100000000011
2063	1001100010011111111011101001011111000011010011110000010011011100111110110110001001000001111001000111
9519	0100011111100000100000100001000000000110110100001001101111001101001001100000010000000001111000010110
7291	1100010001001101011110101000001000101101000011100111101010001111001100010010001000000111101000101010
526	1111110000000101010001111110100001100010000100001101100001001101011110100000010110111011001011101000
972	0010101000001111101100001011110100101000001010100011001110001100110000000100100001000100000001000101
8283	0011011110100010100111000010001111010010101001010000001010101011110001010001010110010100100011101011
740	0100101001110001100101111111101101101011001100111101101100101010010100101110111010000000101000000000
1507	1111101011111101011110001011011010010011111010111000111110111001001100111010010011000100001010101110
26	0010101001100101000000100001011011010011001010000000111111100101101010110111111100011110111110000110
5064	1110011101100000110001111101010111010110000011110001110010101110100100000101110110011100101111011000
4617	0100101000101100001000011011101110001000110110011010000111010001111001001100011100010001100100101110
5855	1111101110000111000001010001111111011001011001000000100011011111001100011110010100111111110001100000
1153	0101011011111111011101010010000000010000100011110010010100001010001111001101111011101101001010111101
7796	1101101100000101101111100100111011010010100101111011010101000000111001111101100010000010001001010000
9647	0001010111100111010011100000011100000111100100011001011111101011000111000100101111011111010101100110
317	0011110011110001001110101111010011101001010110010010100001001111100010100101100001001111011011001110
4684	0111101000001110111111101001001111010011000101101101000000111111000001000011100100111110001101001110
6045	1010000010110000111100110001010101101101001111101010001101100100000010000101111000101011111111111100
8812	0001011110010100100101000011110011111110010100000101110101000001111001001111100101100111111111011010
6507	0100010000101100001111110100001101000010000100000011011001010001000101001111110110011011110001100011
9493	0111101011111101100011001110010010001110000001000110011100100111110101111111010000101111001000110011
6406	0100110101111010011111000000101110111101010110010101001101110101011010011010000111000011100100001101
7227	0100110101100110110111010100001111111100110011010101110111010100110101010010010101111010101101011000
960	1001100011011000100001111101110001100110100001000101101011001110111101001111101010110011110100010001
336	1110100111001001010001001101010100000001100101100000011011100000000111110000101011011010111000011101
7230	1001011001000011011111100111000100001000110101000011011010000011100010000101101110000101110101010010
3453	0101101011110011001000000011011101011100001000000111110111001110001110101101000010101010010001111001
7084	0011111001100101101000100111101010111111010100111110101111010010001100100100000101100100111101110101
8359	1011011010011010011111100000010000110110000111110110100111000010100110000111101001001100000111111111
6877	0011110011010000010011111001101100110100001110010100010010011001010011001111001010100100110001011110
2098	1110110000000011111111110000101010101000111010010011111011001101101011001100101010101100000011001001
5888	0010110010001011101110110101001001010111111111001000111011101001010111100011011111000100110011100011
5542	1101111001001000101110000100110100111110011100000101001100010101110111000101001000100001011010111011
8784	1011110101100101101110001111110100101001110111110110011001100001111101111100010110010110110000111000
4359	1000001001010110100001110101001011110000110001111111011001111101111000001101001001010101100011001100
1663	1011111001001000010011100001111100000100101101111101001001111100011100111011001110001101111101110010
4134	1101100001110101110001001001011000100010001000110101111011100001100010011001010000110000111101100111
1991	0111100001010010100111111110011110101011000100111000000100100000010101001001110001100101010000000100
7441	1001011101010010111100010101110101111100010001110010001011011100111110010010110000110011111110101001
3861	0001110110110000000010111000001111001111111100011010011101010101111011110011100001000011011001110010
5695	0110111011000001110010101101110110101011010111101010011110101100101011010111101110110111010110100001
7020	1110000001110000010011011110010010010000001010110111010111010010100101101110001000110011001001000010
9499	1100101010001110100101101010101100001101111011010111101100011100100010111001011010011001100100111001
999	0011001111011011011010110100000100101010001100100011110001101100000000000101010010110100100011000100
6313	1010010101101110101010010010100110010111101011010000101000001011111000101101101101101101000110001110
9159	1110101101000000101011110110100010111001100010001011000001111010101010111110101100000111001010111010
5500	1011001000001110111000111000100110101100101110111001111011001000100000101000001101000011001100100010
154	1100111110001100111111000011111100100101001011001110100110011000010000110011110011000100110001110111
947	0110111011000000100110100100010000010001100110010000110101010101101100001010000010100101001111011110
7327	1000101111011110011101011010110100110101101000110011100110000001000011111111010011000000000110100111
9596	0110101000100101001100011100000011010101001010110000101000101100000111110101001101101001111110101010
4664	1100001111001001110101010111100011011000010101001001111010101001001101100110001110001011111011010011
3000	1101101000101110011010101101110110100101010000110110110010110111110101011000101100001000111110010000
6131	0001100111011010000000001101010000001110111011111011001010001101000111111100110101100001101101100010
5992	1101000111110111110000110010010011001110011001000110010101011001001000000101100010001000001000100110
1711	0010001011101110000110100000011000101000000011000110110000100111000100001100000110101101101111001000
4206	1000011010101110001100101111010100001101011110000000100000011100100000111001110111001011000000000001
6505	1111010000110100010111010001001000011010100101011100100010111001010101000100100011000001110000111101
1139	1110101101001101101110101011000101010000000110100001010001000111011101110100010000110100000100001110
2604	0001000011101010010010101000010111100111001000100110000000100001100101111100000000000010011110010010
5424	0100100010100111001110100110011010000010111001000100110100011111110111011000000010000010111101101011
