Size = 100 
Clusters = 191 
2	13	0
75	90	10
15	2	87
8	49	15
18	13	62
38	82	2
79	59	16
84	66	42
32	1	7
70	36	49
52	41	38
15	89	1
26	47	41
19	65	45
29	30	27
99	55	92
34	84	8
39	18	81
50	43	25
41	11	9
16	52	25
45	84	63
48	80	0
97	96	64
88	73	55
78	62	27
93	28	9
36	73	59
79	41	2
94	34	46
52	76	1
41	90	64
29	76	87
48	10	21
2	82	83
98	81	44
90	10	48
89	32	43
26	66	6
71	55	27
18	69	62
46	9	65
93	93	97
75	92	18
26	98	17
93	98	25
57	62	21
30	60	65
64	26	31
78	1	33
7	21	93
31	75	6
48	47	11
89	38	4
39	24	71
44	34	52
48	36	31
62	79	53
92	40	50
43	43	15
77	21	96
0	13	35
59	52	43
58	36	23
8	91	61
87	5	70
32	64	65
86	67	80
45	94	28
24	92	89
63	22	32
51	72	21
22	36	60
37	41	83
8	8	95
59	39	56
18	22	27
89	31	38
98	61	41
93	68	93
14	44	74
18	41	72
64	4	50
64	8	93
75	58	97
69	89	64
4	89	62
16	9	17
30	52	62
66	73	21
52	32	23
87	69	56
29	23	92
36	9	98
87	83	58
76	36	66
3	9	89
6	58	7
30	52	63
0	54	17
90	30	91
12	22	0
5668	0001111010110100001110111000100011000100010011101000010101011100000101001110110100111011010101010010
8747	1000111100011000111111110001101101011010110000110000010111010010010011011111001101110101100101010100
5442	1001111000111101000000010100011011100110011111001101101101001010110011000001111110010000000011111101
2440	1001000010011011111100010011111001100000000110110011010011101101101100000011000110010101111110100001
8922	0100010010001110100101100000001011101100000001101111101101011110111001000111111001001110010000110111
3922	1111001000011110101101100011011101110000000001000001000001110101000111001110110011001001011011110110
8327	0101001100000111100001001101001001011000110001001011000001101110100011110000110011010011000111010001
7827	1111000101101110100001110011111111001010110110001011010010101000000000010010101000001000100010011000
2324	0000111100001110100000110010000100011111010101100001000111101010011001101010100101110000000100011110
4918	0011100110001011000001101110010001110011100110010001011100000101001000000010101010111110110010000001
4523	0001010001010101101111011101111000101011000000101011010011110010101011010110100100101111010100011111
589	0000111011011100111001101101100100001111010111110011111011111011100001110000101011001010101001011101
6033	0001110000101101010000000001000001001001001110011101001001011001011001010110010111110111011100011100
5521	0101011110011000010001001110001000100010101100100100110001011100111010100100011010001011010000000010
340	0011011000111111110001001001111001110001110101011111001111011111011101100101011101011001010010000110
8045	1011111101000100100011010001100111010001010101001011010000000010101000101001010011110110101111011001
4433	1001011111000010110001101010110000001111011110101000011100011100110110001110001001100110001110111001
163	1000010000101011101111000000010001001101110011010000111010000000010101000000000000111111011011001111
2344	0010110100100100001101011101111001010000011011100001111011010100100011011001101110001000101001100011
2804	1111000011000111111001111000001101000010001010010000000110011111110000011011010101100011011111101101
2157	1001011010001100010000011000010100100011110101101100110011111000100011000111110110100110010010000110
2761	1101101011011100000001000100000011101011110111100010011001011111001110000111111110100100011110011011
1916	1011100100110110011000001011110010110101011100111111011011111011111001111011110111111101010100001001
95	0000001011001001011111001000101101011011011000011110011110101111000000000100010101101000101011100000
2204	0100011100111100111101000110111010111101100110110111111011111110000011111001111000111100010111010011
6783	1101010010101010101101110111111000101000001001100110101100001001001001001111100011111010000010110010
4767	1110010011010111000011110000000000001001111111010100010101001110010100101010010001110101001011110101
4812	1010000111001001010110110001010000001110101001001010110111011000111101101011100001010101101110011101
675	0111101011010001001111101111111001010001000001111110111011101110000100000000100101001110100111101111
1937	0110101011010111000101001010011110100000000000010110111001011101011011101010000100000110001001001110
5160	1100010011001101100001101010110000111110001110100001001110110101101010010001010101110111010000111011
1854	0000110010011101111100000111000011110111010010101101110111011100111011110010111110001011010001100000
1372	0110001000011100000101101010011010010001101001010000101010010101010110101111000010001100011111001111
8727	1101101100000011110111010001100101111010101011110001101000111011100110111100101010000100011100010100
1820	0011000101100010001110110101001001101001100100011100000000101110101110111001001101010100111100110011
3476	0110101010110111000110110010100011011011101101000011110111011101011110000001100000001011010101000011
586	1101011010001100101110111000011110011111010000010000100100111001010001000110110001110011101100011000
6418	0010101110100101001101111011000000111011011110101101101001111010101100000100110001111000110100101110
1908	1011110010000011100110001011010100000110000011110010010111011000101010100001001011111010101000001010
7574	0001101010001111000011011011101010001110001101010100111000000001111100010000101010110010100001110001
4411	1010001100100101110010010010010111101001100110100110111100000000000000110100101000000110001010010100
6385	0000100010010001101011001001110101011010010110010001111110000101101100111110000001110001100000001110
4654	1011100000111000100101101110110111011010101001110000111010101100000000100010000110101011011110001110
5377	1000101011000001100111001111011011101100010100000110111100110101110001000110110110000100101100010110
4462	0110011111100111100101110101001000000001010010001000101110110011000010110100000000110111000111101111
6760	0011111001011000110110111000010011010010010100000111000011010011010001001111001000101101001001101100
3187	0011100101000000011101010101011110001100010101100000001110000111001000000111100010000001001001100100
7540	1011010010111110011111000010000100001110010010101100010110110100110110010101101111111001111001010111
8615	0110100100111000111001110001010101100010010001101100110100110101101111011101010010000010011100011100
8003	1001010111110110100101100011110100010000011101100101100111010010100011100011110100001100100010110011
1513	1001010101000010101010011011010111100001101011011100111111000001001001110000100110101000101100011001
2651	1100110001100110101001000000001011111101000101000101000011111011011101101111101001011111011010101001
48	1110010010110011110100110000011101011001011101010000111001111100000100110000011101000010110001001100
5143	1010010011100110000010011010101111000111001101110111100100110100110100000001111010111000010110001001
8921	1100110010111100100110100100110000000111101110000001100110011010111010000111100101110100111100111011
8845	1110000001001011011011000000011111011101100111010000100101001011001011000011001100000101110101001010
2737	1001011110101100000110011011010100011010001000001000000110110110001001110111100100110111001010000010
522	1010001011000100101010010000110100100001100010100111111101101100001111110011111100000001101100111101
562	1110010100010101100010111110111000001000110100001100010101001100011011101110010010100001100110000011
6993	0100010101011111110110011111110110000110101010000110101011100010111011011101011110011111000110111000
1315	0011101000000011110001101100111001010110101000111101011110011101111100010111110100111101100010000110
7508	0000100010101000110100100000110010010110111101001011011000001000011110100111100100000001000110000100
4511	1110010110111001000111001001000100100000000010000011110100110100101001101000000111100000101011001000
2165	0000101000000001001101001010101101011101010111111101000100100100111111000110100110101001010101101011
9873	0010011110101001011100010010011010011011001010010011001111101110001111101001011100110010010011110111
7493	1100001110100101011110100011101000001000101010000000110000111010011101100100001111100001100111111001
4054	0000100010001011001010101010011010110101010110111000011000101011000110000010001000111110111001010010
4753	0001111001100000011101100110001101010101110001001000111111111001110000001000001001101011011001011110
9952	0000011010111101111111010110000101111100101111101000011001101111100100001110101101001000111110111001
6184	0101000000111010110101010000001100101000001100111011100101001101011100010000100101010011001111010011
9810	0110001010001111110101010110100001001000010001011000100100010101100000101011010010100111010001100100
104	0110110101101011011000000110110100100101111100000000100011001101100010100000100011101010010001010100
2912	0010000110010011110011010111000111100100010110110111110011011100110111001100111101010011010110011111
3639	1101001101111111101101011011101010001010101001000111000001111010110000111111110100010100101100101011
7203	0111110000100011111110010000100000101111010000000000010110001010001000010110101001101010111111101101
833	0111001000011000100000011001111000000011001010110100000010100101010101101010000001100001101010100111
6307	0101000001001001000110001101110000000101001101111100000010000110001010101011001010001101001011101110
9153	0000111011010111010100010101011011100000010101001100000001110110010111101000101100101110011100011001
8356	0000111010100011000000001100111000010101111100000011010010000111010001001011011101011101100010011100
4485	1010001111011010000110011011001101111110011011010011101011000001001000111001000111100110011010011111
3917	0011000100001011010011010111000101011110000100010000110001000111000100001110101011101111111101111010
5433	0000110100010001000000110101111111111101010010111100101010110110111011110011001101000001011000110011
8845	1111111111010100011111010110000000000000000101110011010010111000010101100001010111101111111010001011
6441	1111111010000101111111011000001010001101010010001001010000011011100111110010000011100100110000000110
5676	0101011000001100101111000001001111111111101111011010010001001011011001100000110011000001100000100110
864	0000000001011010110010000010100101000100010011001011001011001001001000001001010000010101111000111000
1770	0010111111001101100100001100110101001010111110001010001111111110110110001001010111010100110100011110
3950	0001101101000010110110000001000110000001111011100111110100011001111101100011101100110110110000111001
7769	1000101110010111011100110101111010010101011101100110101110001010111100101110101001101111100010110001
6613	0100001111001101010101001001001001100011110001111011100111000110000101001110000100111001000011101000
2347	1011100101101001000010111000111111011111101101011100010110011011001011011001000111010001011101110101
9478	0010110100011011010101100010011100101000110010100000001011101101110101001000110000100110010111001100
8063	1100011001100011001000000000101110101110011000010001000101001010010001001011001001111110110100011101
6299	0110011101100001100111101101100100011101011111001101010110111010111010011011001110010101100011100001
2716	0110110010000101110100011001010010100001110000010011001011011101101011010001010100100000000101100011
3289	0100010100010000000011101101011010100100011010001100001110100101010001110101001010010001100111010001
3131	1100011011101001000101011010010111100001010010101001001011001000111000101010010100100001001110001111
5884	1111111101001111011100001111000111110110111001101000001000000001000000000110010100100100101000100000
2311	1001110001101100011100101010000101110101010111000010111100011100010010001011011111010111010101101001
489	0011101010010000111011100001000101111100011111110100110100100011000010000100000100010001110100000010
8197	1010100101010011101110001011110001110100101100000011010100111110010000010000000100011101010111111001
5069	0110101001101011101101100111101100010100100001010101001101100010010101101100101101110111100011001110
1961	0011100111010101100100000010110101001011011010101001110100100101101010111110000011001011001111010001
7090	1001000101001111111011000110000000010001110111111011010011111000011100100111011101111101110110001111
1965	0111010110111111100001101101011111111110001000001001000101011001011110110000011010001001001111011100
1697	0000110011000101010001000101001101000001001010010001110100100010101010101111110011011101111101011011
1986	1000010011001011101100111000001011010001101001001111010010110001101100100101011010000001010100001110
165	0001001100110110011111011001000001000100101100000111100100010010010111100001111101101110101111100111
6248	1001101011111111000010100011010110110010101100000100100011010010110110100100011001010101101110100101
1970	1010111100101110101000100000000110111010101001110001011111111110010011001001111010010000000011100000
1216	1010010101000010011100011010110110000100111100011100011010001100110011100111010011000111111001001011
23	0010101100011001110001101000101110101111010010101000001110110011100011011001100001010010001100011011
2077	1011110100101001010011110010110011001111001001100101111001001101001110000100010001001101111001100101
8140	1110011110010000110100110011000011110101010001110001010100010100010100001110110000111110111010011110
9229	1111010011011101111000000011001011010100011011001000111100001100100101011111001001000101110010001101
4565	1000110010001010101000001000100011001011111111011101100000010000110001011011111111110101011011110010
4346	1111100100000100011110111000000001110011100010000000111001001000001110000010111011110001100101111110
347	1000010001111001111010011011010100011101101110001001110100010001111110110111011011010111000010000000
5000	1100110111110101110001001000011111101000111011111101010010000011011101011100000110101001101000101110
2522	0010010100010110101010000000110100110100011110100101001000110110001010111001011101100000011111100101
989	1011001101101101110010111111110111110001101101001111001000011110101100001101101010010001110101111101
8536	0110101111101010011101000001100101010100001110001000110101010101110000011111101000100000011011100010
7201	0111111101100000100010110101100011010001110100001001001101010101010010000001010110010000011100111110
5268	0011010100100111001100011101000001100100011011100111001100000100000001111000001110110011011010011010
575	1011001000000110110111001001100011001000100000001001010110011001110000011011000010101111101100101011
7008	0000011010110000000101110000100001110000111010110101111000100101001000011011010111001011011100010000
6136	0110111110010010111111000100100000001111001001011011110010001001001101101010101001110011111000010101
9891	1011010000101010000110010101010100010010001011100110111100010010001100011000001101110001000100001000
1587	0101111100010101100010000100111111110101001001000000001101001110111010000000001101111010011110001001
1670	0011110000100011111001100100011111000111111000001001111101100010110000001010010101000001011110001101
5128	1100100010110001100111000000100100000000000000111110010011110100010000110000011111111010111011001111
1715	1010101111110001110011110100100000010101000000110101001111101011001101001100111000000010001110110011
4751	1011110011011001101010000001010100001110100011001000111001111010010000000100011010010110100000000100
3769	0111000011100100110111101101110011111010010010110111110110111000000001101000011111001100010101111111
1968	1011001010001010001101101001010000100011001101010000011010010011111000110001011000100000001001010100
11	0011000010011010111011000110111110011101100101111101001110100000001111111010100100010001010011000011
3113	0111011000100000101101101001100001110100001111111110101010101100101111000010000100111100111010011010
8039	1110000011000001110010011011001010011111101000000011001000010100110110010010010100110111110001000011
4418	0001001110100001111111110110010100011101000011000011011011110010011001100101110000101111000011100101
1702	0000100001000101101110000110010110000101101100011111100101011111011000111101010100110001101010010101
4453	1000011000101001010101110100101000010001011110100010000110100001000010000100000010010101100011001001
3331	1001100111011101001010011010100010110111100110101000011010010000010001101000111000100010101101110010
6350	0101000101000000000010101110010010111101110010101100010110110111001000010111001110111101110010001111
5106	1111011110010001000000001101000111101001011011000110111001101001111010111111011011110001010010110110
3934	1101001000001000011110010011001010101101100111001011011011100011001011001001101111101001110001110000
437	1100100000010101011110000100111011001101100101011110101000100011011110010011100011100000010110000100
4849	0000011101000101111111110001011100010101100010011010011000011111011010000001011111000000011101010011
2535	0110101110110011000010010101110010100010000011010010100110001101001010000100000011010000011110101101
2387	1001000010011000111000011110001101010011110001100001110100011001000000000001011111010000110001001010
1794	0110110101000110110001011000101011001010101100010010010101001011011100011111110001000011011111001110
6826	1011100000110011001001110001101111011000101100111001001000010100101001001011101111000110110101000111
9338	0111001011001000100101101100111000011000000000010000000111110100111111100101110000011000110000011111
4563	0010010011101010111111111010001011001101101111100011111100110001001011110010111110111100100111011010
9467	0001101111011111101010011001101000110001010110000100011010011001011001111110110001000010010011111111
3341	1011000000000111011000000110001000100110101000000000000101110001111101010110001011101001001110111011
2482	0000111111001001000010101100110001111011111100111111001100111000110000000011110100001001000111001101
9532	0000000110110100110111010010111011110010010011011010101111100111001111000010000110110011111001001110
1641	0000000100000111100010101110011111101000000100100101000101100001101000110000111110110111000110001010
7579	0001111010010110101001000100001110001010010101101100101101010000101100111001111110100101111010111111
5370	1111001011010111010001001011001110110110100000100101011110000001000011010000101111010111110111000001
319	1001011110000000110111010001100110000110101101010011010100100110010101111100001111100111110110101110
6777	0011011001001101011010000010111101110011111101101000000101011000111101010100011101010000101010010010
6641	0011111000110001110011110000110011011001001010110100011010011101001100010011101011010111001001010001
5655	0000010011010001100000111010110111111111111110110110111010110101000101010010001000011110111100011101
8375	1010111011110111100001111000001101111101111100100100010111110100110001101000001010010101001110010011
3523	1000000000101110001000101001101010110000001000001111010001000011111011000101011011001001110000111111
5423	0001010010010011101011100001110001001100101101101000111001101100010000000000111010111010100011101011
780	1010111111001010010001101100110101001011110010011101100010010110100100010010111111111101000011010010
5308	1101110110011101010001100111111011011011010101101111011111010100010011100110010010111001111101011110
1537	1001111010011101111011000000100010011100000100000110011100000000101001110010110001101011000101100111
2748	1000110111100010111010111001001110100101011001111001101110010110001000000011100100011101000110100100
3355	0101000101101111001110101111110110000010000111010011100010100000101011111101000100010100001110000001
4883	1100110110000001000010110000101111000010011001000111111000000000100110010001001100010010100111100001
1902	0010100110010010110011000010010111111110100111001111011010011011000101010000111001101110001111000110
7559	1101100011110000101011101110110101111101111101111010010010000110010101110110111011011110110011111000
1119	0111101101011101111110110110100110101011100111010100101111001101100001011111011101111111100111110110
504	0110111010011111001001100101010000110100000111010011010101011100111001010111100100101010010010101010
4636	1111000010010001100011000010101001011010010000011111110100010110111111110101111011101010101000011001
6257	0000001111000101000001111100000101010000110010000100001110110101001100100011011101000101010011011000
5447	0111111001011101011000100010000010110011100111001010110111101001100010000001111101001110001111100110
7150	1110010110011111011101011010111010111000111011101000010000101001110000100000101000100111101111010100
3947	1010001010010110001000001110010101000101000011110110110011111011100100101101000000101010101111110110
217	1010000101001111111001010001110101010011101001100111100001001100111110001110110001101111010111011111
1749	0010100010111111011101101110110000001000000000111110010100011110110111111010000000101110011110001101
1460	1101011010000000011011110010001000110111101100011100011001010000100000110101100111100110101010000001
9510	0000100011111011011000011100000010001001111101101101111111101111111000110100110101111111111011110100
1815	1000010101110010101010111001110001000011101001011001010110101110101101011010100011111000000100010100
1592	0111110011010101110011111100000111101111000001010100111111101100101111110110011010101110100011010000
2172	1100110001101010001000001011010011111111110001011000111111110001001111101001000101010101011011001010
5519	1001001000001001000001111001110110101000001100011000100100110110101101001011001100011101010100101010
1836	1100110011011010110011011010110010011001100000100000010001001001100101000000010001101011010101010111
