Size = 100 
Clusters = 124 
58	29	0
9	61	61
96	92	83
47	94	54
30	89	49
96	77	61
2	94	49
59	27	2
72	47	39
58	11	7
91	52	66
54	89	32
29	0	95
23	54	49
43	85	98
87	26	40
93	8	11
86	28	94
80	3	4
56	45	99
6	40	7
88	49	90
64	98	96
45	79	35
83	15	48
42	27	8
35	55	57
12	35	52
84	95	46
97	30	6
65	2	56
62	0	45
1	39	58
56	52	37
11	58	53
36	29	21
73	80	5
61	14	77
35	29	37
70	77	78
68	73	76
85	64	77
86	52	72
22	65	43
15	22	36
45	50	14
4	56	49
48	39	92
90	79	52
46	0	97
79	49	7
57	41	35
63	32	45
0	72	67
16	38	13
95	81	30
53	4	78
52	77	25
61	50	36
4	82	28
76	7	69
40	74	52
72	18	39
33	59	55
67	52	0
62	15	77
19	3	11
39	19	25
26	24	31
78	91	17
29	73	5
39	41	61
86	87	2
17	64	3
27	60	65
95	49	93
21	72	14
12	32	90
67	94	21
6	23	98
11	4	73
5	20	33
78	58	38
98	74	21
70	38	34
23	81	81
84	24	45
34	40	0
37	82	21
0	41	58
37	57	53
80	88	66
87	62	80
97	27	8
85	85	27
47	41	75
77	20	1
53	22	60
63	25	74
34	37	98
62	10	68
60	65	0
6534	1111010001101110100110001110010011011111101010100100001111111000010000000010000000111010011010101101
4170	1101001101011111000000001101000011111011111000110000011001100101100001010001100100010101001000111010
1174	0101101001101000100000111101010110100000100110110101010010110000001101101001001100111011100111011000
1242	1000100001001000010001010111000010110000011110011011000011011111111001101101000000011110011000001111
4434	0000110111010100110010010001000101000000110001000011110110011110110110011010010110101110111110000110
9922	0000110101100001111110100100100111011110000110000101011101101110100100011101101110111101000001100110
7971	1111001101111100010010000011111101000111001101000010010011110110110100010111010111100001100010110000
5708	0101101011000111100100100110001001101000010110000100011100011111011000111111000001101000010110111000
2468	1001110011000011001001001111001000001010101010111001110000000111110111111001110110001110000000110011
6054	0000110000101101001000001110001101101001010010010101101010000010100111100111011110010000101011100101
4010	0010101111000111101000001101001100111001000100111001111010110100010110000010110001111111100110111010
6363	1010000010000001100110111011101001101011111000000110110111100111101111011001010100110000011011001100
2738	0000111011111100111010011010010011101011101100011111111110000110100110110101000010010010101010001110
9194	1100011101110101100010010101011110110111011011111001101101000111100101110001100110111111110100101011
9989	1110000101010010101101011001110010011010111000101100001011010110100001001110001111000001110110100111
9449	1010101010100101111100100010011111111100000110110000010001000111001101100100010000010100011011111011
6134	1110010110010110100110000110111001011011100101101011000011010100010100000010011010010001000110111010
2023	1100010011110001110010010100001100100011110011110011001100001111111110011001011000011111011110100111
6078	0101101011011100001100010000100000011010100001101001010011111100000101001000001001011110101010011010
1208	0010100001111110010100100110011101010110000110000000111110010001000100001110001000001010010110110001
7769	1100110010101101101100000101001000001011010111111100010100110101000000101100101001101101011001110101
3345	0001000001011000110001101101111011110001010110010010101001111101001111100110001010100101001100010100
6660	0101001000110111011010110010011110110001100010111001011011001011100000011001001000100100100001111110
7806	0100111101100101001111000001110110011100100001001000111011010001111001000011010111010100110101101001
3277	0000001100101100000000101110010000100100001010100111100100100111010000001100000110100110101110111010
7913	0001101110001010101001111011011001101111101011110010110110110001011100110100101110111111001101001011
7393	0010001011111110110011100111110000000011000111110111110101100001111011000011001001010101110111010001
3706	1011010000101111001011111100000011101010101100000100001010001010101010100011110010110101000000011011
3215	1001010111010101001010100000101110101101100001100110000100011110001100110001000011110110011101111000
708	0110110011110111100101101111100010100100011011110110010011001100010011000001110101100101111000111110
8970	1111000100101000111010100001111100010100101011100101100111000110101011010101100010110001011110010100
6005	1000100000001011111010010101111111100011111010100011010101110000000010011011101000110000011111001000
6012	1011000110101111110110001110011111011101001011000011011000001111011111001010000010011010101100000011
8331	1010111111000000011100100101111111101000101001110101000100100001011111100111010000111110001011010110
2824	1100101010011011010011111110011101101000100001100000001111001101100101011110010000100110010111001101
7580	0001100111001010111111000110111000011011111011001110010000110010100010000111101101101010001010001101
9043	0011001111001100101111010100101100010100001101000110000100100010111101100001111011000100010110111011
2836	1000001101101111100100010001000010101000001101000101100000010001001100101110110100011011100000101111
2694	0101111000001001100010100011100100101100011011000110011010000001101101100100010100011100100000000010
5468	1000001111011101100101110111001000110111010101010011101010110100010000111111001001000101110101011101
5946	1010011011010101010111011101001010011111011001000010011001111000101010010010011001011100011101001111
2624	0100100010010000000001000011100001100001101010111111001011101000000111101111111010110001101110000001
2843	1010101111100001001000000101000010001101010000110110011011111101001110111011000111000111110000000000
6718	0100101110111110011010010101110110011101011011100111101111101001000010000000010000011000011011110100
7621	1111110100011011000101101010110110001001111111011011110011000001101000110110100000011001000010000000
374	1111101011101110101001011011011000001000001000000011100111100110101110000101001111001101110010000100
6843	0000100001110011111000001100101110101101111010010111011000110000000011000011110100111001010101000011
2149	0110010100001011111000011011000101011110111101110111101000000001110010111000101000100001101111000010
3316	1111010001110010110001011110011100000111001111000011010000010101010001010010110001110001001101001000
480	0110010010111111101100101001111010101110100101001101010001111000010010010100100111100111110000010100
8153	0010110010011001111001000001110111100010000000101100100110100000110011010100110110011111001101001101
9621	1000001100111000000110111001000100011100110001000001000000010100000001001101000100110111100011001000
3100	0111010011001001010010111100000100100010001001101100000000111000111011100110111111000000110010001101
6243	0011100100011101010101110101101000100111110100010011111110111001111100000001100101001110101110011001
3839	1000111011110111110001111000101110100111000001110010111111010100010011010011011101101100110010101001
8342	0101001001000110111010101000111010000000100011100011011110011101100011010111010000010101010011101110
4905	1000011000000110101000110010111101001001011010000001011100000101111101100000100110010000000010111000
3940	1110010110101000001010001000101100011000000100000101001011000011001000011110010001101111011110001111
8624	1011001101001001000110111010111110000101101101111001101010110101010110000000010110001101100011101111
4729	1001110101100010011100000010100001000111100100001110011100010011101101110010110001011101000100100100
2338	0011101011011111010101001001010000010110010000101111100110000001011000100011010001111101101011101001
1849	1011001010010100111110100000111010101000000010101111111111011100110111011000110111110010001111000100
5084	1110000111111001010100010110000010010101010010100011001000000100010110010011101101101101001101111110
281	0000000100000100111110111110001001110111110111111010010010011001100111111000011011000011000010111010
7533	0000000001100110100100101010000111110110100010100001100101010010111110100011011100000100110000100011
2270	1000010101011101001100110110011001011100100010000101111101001011111110111010101110011001010010110011
6118	1010100110101111010101011101110001011101000100101011111110011011111101100000010010011110000101111000
8597	0101110100010000100000010001001010100110010000110011011111000111000001011010110001001011111111011100
324	1011010101101011001011100001111001011111111111101100001010000000001000110010111100011000111000000110
5240	1101111010001110001111001101011111001110110001101001100001100111111100111110000010010111100011010010
7635	1011101100100101011110111001011100011101101101100010010110011111101101101000111001011011101100110001
909	0110111100111110110010001011011111011001101001100010101111101101000010100111011110001011100100110111
2471	1000110100000000110001100000110010001110110001101001111010101101101000111000110111101001110010001110
4926	1111100000001011001001100010101010000110111010010010111110101111111100101001001010011010100000001000
6083	0000001010011100010001110001001011111001010010110110111000011110110000110111111100001111011101100010
3883	1010011101011101110111000000100110001001010101010100000000001111111011011100011010010000000100010010
5907	0101011100010010001000001011111110001100000111101010010001100000001001000011000001100111011001110110
6582	0001010111100010001100111111100000111001000110010111110001101000101110011110011000001111101010111011
9652	0011110010101111111001010000111000111101111110000101100111010010000100011000101001111010110101000110
3524	0100110101100101011111000000000101011001110000110000101010001010001110011110010001100010001100000000
2659	1100111111101011100111100100010111110111111001101101011011010011000110100100000011100000101100111001
782	0011101011110100111110100000011000010010100111010011010100111111000111000110000100101111011011110100
1332	0110111111010001111010000100110111111011100101111011101100100100001101100011110111101000110010100000
2941	1100001010100100110010010001111010101110101001010010001111100111011110101111010100000010110110110100
9877	1010100001011111010010000110111010101010000100000111101110110011010010000000101110001001011100011000
5580	1101001101110100000100111100111111011000010101101000101110111000100100100010101110100110111011000101
807	1010111101111001100010110110100011010100111111110100000110111101101001000101001001010100000000010100
4883	0110000111010011010100100110100010111110001010001111001101011000110110011010100100110000111001000101
400	0010011001110111111100010100111010100110011101100010100111001100010101010011111000000101001100011111
4823	1100000100100100100101010100011000000011100100001100011111001011000100100000010011101100101001110110
4601	1110000010010011100111101110001000000100001111111111101100110101000011000001111010110110111000011010
9541	0010001101111100001011110110011011011010001010001111000111100010111010111001111001001110110011010110
5044	1001001010111101100000101010000001100110011100111101011100110110100110010000100000011110000100011100
8535	0101010000011101011001111111001011110001100011100101100101010000100111100000110100111011010111000001
1462	1001000101101001011100011010110111110111001001000011011010010010001010101111111101101001100100111101
1508	1110001100000001011000101100000101011001010110000000111010011000001101001000101011100000010010001101
450	1110010010011001111111110001100110101111100100100101010001000101100001000100110000111100000110101001
1097	1000001100110001001001001000110000000110010111100010101000011011010111111000000100000000100110001111
2216	1011000110110001111101001011101010011110110000100010101011001110100101111001000000010001110111110101
6815	0100010111111011000100011111110010110010110010010011100000110110101111110100100101100010011100000001
4653	0011000101000110110110010101001111011000000011110011100100001000100110101010010110000000011100010111
5032	1111111001110010010011111011111110001011001010011010101100100110101110000010001011011101001110110100
9120	1000101101111011101011011111110000010110101101000000001000000110100101100000110101100010100001011111
8839	1011001110100110001000010011101100101110111101110001011110110000111001011010101111001101000110010100
9297	1010111100101110001010011111000010000111100001010100110101000010111000110011101001001111111011011100
4840	0110001011011001000111000000010101010011000101011101001100111011100001100010001110101101011100111111
2073	0111011001101100010110111110110100101110101100001011010101011000000111101001010010010000111111010010
9306	0000100101101110100000110101010011011110111111110010000001100010010110010101100101111000011110011001
4051	1111101001100111110000011101101110000010110111100110100011010111000100000101000000100111000010010101
2115	1010011000110011101000011101111110010101010101100101001100000101111110101011010100101000010110000110
2408	1000101011010011101110101111111011010100111110011000101010010000111010110111000001101010110110100000
8941	0001111001000100000110111010010010101000000000100001001100110010010110011100011010011111110011101100
3673	0100001010011111000010110101111011100100000101011010111110101010011101011101011001000000110100101011
2537	1000100010011011111000101000001001011010010111011100011100001001101100100100000110110111110011100001
2103	0101000100001111100101111001111001001111001001000011111111010110100101111000101001101001111011011100
9738	1010000011011111001111000010010100100110000110110111000001110111101010101110101100110010101000011011
2826	0101000011010001001101100110010110100000010100010011100101111110110110001001000010010110111010001110
1940	0000111001011010100111110101111011001000011001111110110001001111101010100111011111111111010000011010
2948	0100000101100000001000110010011111111110111111000110111000001001110001001111111100111010101001101111
8476	0001101110011000010101110001110010110101001000000011101100011010110011100101011010100011000100100011
1864	0010101111001001100001111011110110110101110000011010111101111011000111001011011001110000001001011101
6089	0100000000101011000001111010011011101001111110001100011000100000001111100001000000111110001111110111
9845	1101010000001011110010101110100000110101110111111000100111001100010000100110111111101111111010100011
3720	0100010100100011000100001001100111101110111011011100100011010110110000101111000011000111101111101110
