Size = 100 
Clusters = 130 
26	0	0
72	32	71
10	42	16
59	33	2
58	28	17
90	13	41
3	98	63
42	39	41
71	86	42
92	68	96
8	91	63
89	98	26
89	80	24
40	82	89
28	15	61
26	92	44
68	63	69
33	52	94
99	34	50
75	2	35
0	74	88
38	27	85
9	29	15
1	44	38
77	91	43
2	29	28
32	5	30
61	35	9
51	0	98
92	77	30
48	99	45
25	26	85
22	73	45
4	10	81
9	59	10
93	37	33
73	8	93
74	63	45
16	22	20
38	40	30
84	61	9
17	89	83
86	23	88
38	87	85
14	64	63
27	88	2
2	15	80
2	20	40
63	52	49
11	67	46
50	57	79
20	82	95
7	94	1
76	39	78
13	7	26
24	22	72
68	85	21
37	86	69
38	57	9
73	92	21
1	96	49
60	53	79
19	5	65
19	3	40
42	97	47
15	18	66
7	45	68
71	47	32
46	38	84
72	11	82
13	86	22
22	9	67
35	10	96
76	19	44
86	30	35
99	97	15
25	41	81
10	6	10
13	15	18
4	40	49
54	12	71
45	80	6
25	20	77
78	21	7
65	24	62
12	93	82
47	99	65
51	69	1
1	9	43
41	4	99
18	12	7
64	8	35
15	78	88
37	8	5
79	29	3
39	23	69
11	55	99
45	10	65
65	95	8
27	0	35
27	82	61
48	13	0
1445	1010000011001111111010100100111100101011010100111010100000011000000111011111111110011100101010010010
802	1010110101101001100111101001101001111101000100000111101011101010100111010011001010001111010101111111
2472	1000010010011011001110001110100001001101010000011110101001000011011011010110100000010100010100101100
2029	0011111111010111010001110011100010010001010011000010101101111011100011110101010000011011010001000001
4384	0011100000011111111000100000100101100011000111111011011101011100010111000100110000001010110000100011
2862	0010110000000101000101001100001001101011010100101010100001101011111000000111000010111000111111110001
1364	1100010000011011100010001010101111000100000001111001110000010101100010110101101000000011100000001110
2008	0001010110011001010101011011010101111011101100101000000011110101001010101011000011100000011011000111
2268	0100000010110100010010111110010101001011001100101100011011111100101000110001000110100101100101011010
5505	0010100100011101011000111010100100111101011001100010101000001001000011011001010011000110010111011001
7853	0100101100110101110010101000000111010110011101101101101100000010010011111011111100101001101011000001
7529	0100001101110000000001100110101100000101001101101110100101110100001000010110001111101001100111111100
3905	1111110011100000101000101100010100101000100100110011111001001101110000000010101111011100011000010011
3793	0001101010110001100011111001011011111010011101101001111110010100010110100111101010001101111111110001
4772	0100000111000101010000011100101000111111000110101100011110100010010000100001000001011001000110101000
7473	0000111111001100011010111001000100001011110111000100000111110001011000100011100011000000001111101001
1411	0111110101001000100000101100010101001010101100101010001110001100010010000010010010001101100001111100
5039	0001011100100001001100001001011110100000011001001101000010110010011111101100100010001000001001011011
7907	1011000010101100000101001110101111010111011110110100010101010111011011111101010011000100001100000001
6700	1111100111111010010111001110111001101101001001101000110000011100110010111000010101001010101000010000
4298	1001111000000110111111111111111110001110001010010101000011011101001100101100001011000110100111100100
4360	0110000011101111101101000000110110111111110001000011001100100001100010100110011100010011000000101101
239	0101010101000010000110111001010000000110100110000011111110101110001110110000010110010000000011010001
5860	1010111010001110100110000111110100110000110001101101001111110000000111001001100000000000110111111100
4033	1010001110110001010111011001000011100111111001000011100110110011001100010011111010010111100011011000
8074	1001111011101000101010000011000110001110101111111001100100110010100100100001000101110110111001100011
5134	0101111101101011101011011110010000110010011010010100100101101001110101010100111100010111100010111001
4617	1101000011011101101110011101111010010000110111001000111011000011101110110010011110001000111111010100
6722	1010010011011110001110001011111010000001101110111011010100101011110001100000101100111101010011000111
568	1110100110001111000000010101110111111100010101001110111010011010100101100001101111111001110011100111
1530	0110101100001100101101010110100010000110001101011010001101001100011110011100110011111000110000100100
1473	0011101110100110101010000101110011001011001100101011000011000011010110101010000000011001001001100011
3441	0010000001110010101001000010000011100010101110010111101010011101011000101101101100000111001111001100
3088	0001011101001010001001110101010100111100110010000111111100111011000110001000000001111010000110011010
2710	1100001110011101010100000000101010101000001011100111001111100010000011101110001101011111011010101110
3804	1011000011111100001100101000110011111001111010110011000101100110000101101000010101110100100010011111
8823	0000000100000100000010110001000100101010001111010111101000101111110000011010110000001110111000010111
3469	0111000001100100110011000000101000101100000011001010111000011100110011101001111000001011101011110001
5904	0010101100011101010100100011110011110110001010101110101010100100101010011001000101001111110000011101
8186	0111100000111111100101100010001001011001000001010110100111001011001100001100100111100111110010111001
9121	1011011110100001001100101100000110011001011100000101010101001000100101001001101110110011001001010100
1416	0000110110011101001001101000110111110010100101100001011100010101010110010000101111110011001010100010
5831	1000000110100000011111011100011110101010101110100000111111111110110001000110001010110000111000010001
2640	1100001011010011011110001100111100010110001001101001100001111010101011101100001101001010101000110011
2490	0011000100100000000100001111101100110000101010001011010101111011011010100000000101011100100010011100
8820	0010100110110011110111100000000100000001010110101010001001111111000110100010001111010000000011111100
4959	1001111101001000100111100100100101111001001100111011111110010010110001110111111101000010110000110000
6409	1010010110101010000101100011111001000000101101011110111100111110101111000000000000011110110010100011
2710	0011110111001100011011101110000000110000001110010000110111100111110000001101000001010011010101101011
5850	1000000100010101001110100101111100110100100111100011101100101010110000001111010011001110101000111111
9299	0101000000000100100001101000000101100110011010011100001100110010100010001011000101001100011101111100
7033	0011010100110100111100001001001011101011011110101000010010111010010111100100001001111001100110011101
2496	1010111111100101001001101101000110000001001100111101100010101101010101000011111100000001111101010101
9553	0101011100010101000001011011110001001011101101000101010101110110000000001110010011000110001111011000
5113	0100010000000010011111100001011100100011011111101110001001010100010101110110100001110001000001110000
8375	1011100000111110101111011100111111011010000000011001100010000011010101000111101101101101010110110011
2518	0110000110100011011011111001110010001011001111101110111101010101000001001110101100010110100011000010
4642	1100111100111100001100111101000010111110000111110111100101110001101111011100101101111000101110011001
1515	1000110101000011110001111110010000000101110000011001000111110101111010000001000101011010100111100100
8092	1110100010010001111110000111011010111000100110101000001100011111000001010000111001011100011111100110
2450	1100101001010000010110010010001111011100011000100110101000110000110100000111101101001001110010001001
6395	1001111111110000010010110110000100011100111001001010001101101000110111111101000100000010100111000001
2805	0011111000010100101101111000011010110111101000101100001001101001110011010010111111010100100000011101
4374	1011000010011010111011001010100010001010111100111001011010111000011010001011110111110000100101110001
7692	1110011010010010101110101111101111000111001001011010010000001011101001100110110010101000110000110111
2145	1110010010110001010101010011110111100110101000001000111000000100001010010011100000110110110010110100
4730	0011111110010001001011111101110110011001100100101010110101010101000001011100001111001110110100110110
8145	0000011011100010000011000101010110101010111010100101000011010000110100001100011000010111111000110011
1630	0101010000000010100101111011100111111010001110100111101001101110001100100100000001110110001001011101
9595	0011101110001111011001101011111000101011010001111010001110001001000001111011101001111111110110001111
395	1011100111011110101111111111110000010000001110000010000110011100111010110100101010111110100001101000
6232	1010001010101011110001000101001001100010001010111101010000101001111110101101101011110000000010111011
3704	0011101000010000101110000011100101000010001011111010101011000100100001110101111111000001101010011001
6092	1101011111110110101001101101110111111000011111011010110110001010011011001100111011101000001011010001
6602	1111001101111000000000100100101000001000001010110101110111101100010100100110100011100001001100011111
2152	0101111010101000011000000100100000111001000000111101100001011001000011101010011101000110011100000000
820	1001110100001010011110001110010001011001111111001010111010011000100100101010011000101011011000110000
2832	0111111001001011101001010000000010110010000011100011000001010111110111011001001010011101101011010010
5099	0001001110011011010011011111000110000100100010100010010101000111010110000001010111110110111101100010
8966	1110010101100000011110010101111110101011100100111101100001001100100010111100110100011000011000101001
860	1111011100110010010101111011011010101001010011011101110101001001100110110001100011001001101111111011
267	0011101111000110101011000011100001111001001010110101111000110110100100110000100111111010001011111110
2028	1100011101110100001101101001001111001110111010010100100101110110110011011000000011011110101111111111
4673	0011010111000111100001011001101101010100111110111101101100100010010101100010001000000000111101011100
2874	0101001011100111100100100011110001000001011000111100111100110100111110111010011111111010011010000101
9742	0100010001011111101001000000000110101011010000010100001010100100000000101001000001001110011010100110
311	1110100101011111000000011110101001110000111001000001100011001010111110101000100010110110111010101101
5226	0100110010110101100111100101101011011000001000111001000000001000100111001101110111000010110100011111
9056	1110101100110111011000001001011011011100011000100100100000001111101001001101110001001000110001001111
2747	1110010010101011010011001001101100101000011111101110010000100010100101001100110010011111010010010011
7365	1111111000010101010101000111100110111101110011101111011110011101100111111111000111011101111110110111
1171	1010110000110101110001000100000010111100110011110011001110010111000100011001001000110010010010101110
9513	1010011101111011010101001111001101100011110101100100001111001000010011011010100011000100111101001100
3242	0001011110010000010010001000011100111100110010110001101011101101000000111110000110001011001010101000
9956	1111101111001010000000010010101100100000100101011001010100101011011000000111100110010000001110100011
6837	1111010000100110111110001001010100011010111011010111110110100010001000000100000011101001000010000111
1711	1010111010100111011111001101010011010101111111000100100010011100111110100111001101101101010000101101
5693	1111100011111001000000010000010101001010000001101111101001011011011010011000011000111000101010001100
4284	0110111110111010101011110000101111001111010000000000101001111011100101101111000100101001001010011001
8710	1010000010101001110110000101010000011100000101011111101110001000101111001101100010111110100111101000
4542	1111000110101101001001101100000111101011101110011101111000010111101010101001010010110111100100010111
4720	0100010111001111100010001011001000001111100111110110010011101000111010101111110011000011010010010101
3549	1000101000100111011110001011001101010101111100100010001101111001000111110100110001111001010010110110
2970	1110000001101111000111000101110011101000111101000001101111110010100001000010100010101101010100111110
7640	0000100011011001110000000010011100100010000011010001010101101001101100100100111001100000111110101000
1780	1111111001011100010010010100100001010101110000001011010011111110001110001000111011101011111110010010
3885	1101010110000100111001001000011110101110111111011010000100000111001011000011101110001010011010011111
7145	0011111010100100101100100010111100111111110000110011111101001011101100001110010000000110111010000001
8842	0111110101101101010000100100011100110001011011100011101100010011111100000101010101000111000100010000
4318	1011011000001011100001100100001010101100010011011101101000010010100000101100010001111101110111001101
3200	1101000101001010001101010110011101010000010111010111100100100001111100111110000101001010001110111010
9873	0000000010000111110010001100110101110101010101100001000011000010100010000000110110101111001100001000
5326	1111000011111010111100111110001100000000001010000000110101101111010111000001010000010011110111001100
491	0011011010001101010100110100010000101000001011100111101011001101111111011001111111110100010010011011
8744	1111011111111010000101010000110010110000011101011001001011000111111001000001101010001001001101010111
3548	0110101110100100011100001110101110010001101011110100001111111111101000011001101010000100011001110101
9010	0000110110001100000010001100100010000010001101100110011110100011011100011100100010110000100101110100
1078	1101111110001100101101000101110111010111010010011011111100111010001000100010000110111001011010010110
1328	0010101101110000100010001000100001000110001101101001110010110011010010110010000000100101111000011101
1701	1100010100111100001010101110100000100110100101111011111110000111000100100110010000001111100010010000
840	0011010011111110110011011111110011001111101000100000110011101111000110111011010000110000110011000100
9964	1011000100101000001001100001101010110110110010110110001000001000101011010111101101001011110011001010
2451	0010110111000100000110000111100001010011110000101110000101101100011101011010010110111011010100000010
7127	1100111001001101010111000000101110010000111001011110100111011011001010110100000010010101001010001100
3311	1010000101000111010100100101000110010011101111001101000111111100101100101001000110011111010000111101
7583	0110110111101011100100011010101010000011110011110000100100111100100000000100110110001001110111101010
9697	0100001000110110101101111111100100000011101001101111110111000001000011010001111011100011111011111001
8438	1100101000001001100000000110001010100011001001000110001000111100110011001001000010100110100110000101
3073	1111001110101101001010010111011110000010001100001011010000111010000011001101100111101010010011001000
4874	0100101101101000000100011001111111000010101001111110011000111110000000001101111110111101111011000101
