Size = 100 
Clusters = 195 
71	39	0
74	84	28
87	28	1
64	13	0
28	37	76
65	12	63
36	22	30
64	66	97
82	31	55
13	66	19
56	16	25
81	84	97
21	12	14
16	20	90
52	97	84
67	52	50
6	40	78
59	6	56
26	4	80
23	89	85
63	97	79
78	97	34
41	35	29
83	59	49
38	77	39
5	48	2
73	62	16
63	39	5
72	21	89
35	60	15
28	82	24
92	74	53
40	46	20
77	78	50
93	65	27
85	71	2
36	81	67
97	17	85
73	55	45
31	59	41
13	21	72
11	44	35
59	54	65
57	16	43
49	88	24
92	65	81
38	54	43
92	48	87
72	30	33
6	7	80
22	9	7
95	18	67
64	26	52
55	30	35
40	89	84
67	37	95
47	89	52
58	81	27
90	90	36
22	1	98
33	29	27
74	71	24
31	10	30
69	75	15
10	49	18
13	6	82
86	39	79
51	41	83
64	26	67
5	28	9
92	36	42
74	37	52
73	18	59
20	54	32
51	78	26
76	21	34
84	78	29
10	42	4
1	45	82
63	80	83
8	33	58
46	23	15
98	37	0
49	39	21
85	52	80
97	96	3
5	15	13
19	6	27
63	76	68
82	70	66
72	85	16
51	8	76
16	75	96
53	38	87
31	16	48
72	76	76
10	6	62
55	23	42
89	32	15
6	34	43
16	74	23
63	99	0
207	1110110111000000101000001000000011011000101111100011111100010110010101101000000100110010001111000000
4811	1000111101110110010000111010000101111010111111011111110000000110110110010010000111011100000100100011
1065	0110001000101011011011101000100000010111110010000011000111011110011101101111001001011111000001001101
9296	0010010010000001111000110111110111101110001100110000000100010100000001101100101000001101101100111110
1798	1011000111000010011010100011000100100101110100111100011101011000000100100110101100101111110100000111
7716	1011101001010010001010001000101001000001110110100111110000100011110111111111010110100011101100010110
4598	1000000000111111101101011110111000011111000100001000011011110011001000100011000110110100000001010011
997	0100101110000110101001001010100100000110010000101101100101111111001010101110111011000110100010000110
8599	0000000110010111011110110011111100010000110111111111000101000010011001111101100111000110100010110100
5901	0110011011011111100100000010100001010010100111001010111101000010101110100011100100010101011111000010
7986	0110100010101100001010100111101111110010110001001010001000011100100011000111100001010101000111101000
8762	1001101011010000010110101010010001111101101111010001000000001010001100001110110111011111110100101001
5799	1000111110100011110100010010000110111110110111101001111010011110011000011110010001001001010110011110
8655	1101010110110000001010011100110000000110100001100011101000000000000100110111011010101011010011001110
1086	0011111101111001000111001001101101001010101100010001000100110010101110111101011011000000100111110001
2082	0111010101111010000010000110000110011001010000110110000001100110100110000011100011100101111101000001
9424	0011011011111010010011011011010111100000111001100010011101100000010000010000010010011110101101100111
5631	1110001001101110000110100100100110001111000000011001110101101101001011110001110001001001010110101001
1186	1001110000001011000010110110101011000110000110110010001011011000110001010000110001011101010100010000
6457	0000110010010001011000010110100011101010111101001110011001100011100000001101001000101010101101010000
9945	1010101100110111011000100110001000000110011011010100001010100101110001111111100100101100010011110001
1368	0001111000000011010110110101010110100011011111111111101110001001110111010100001101110011110100110011
4119	0001001000100001000001011101000010011111101111111010100001111110010001011001110100001111001101100110
8999	1100001111011011111000001110110111100101000100111011010000110101001010101100110011101111110110001010
1110	1011011011100111100100010101001110110011000110111111110101100100010101110100001000010000101101100000
1065	0101101011000101110011011110100110011010000001101001101001110111110000000001101001101101001111001111
5412	0001110111011111101000111111000100001010100101010001100110011001101000000001000010001001111011000001
1170	0010011100000000010000111001010101101101101010101100000100010000110101111000001011000011101000010111
1184	0001011110111110000110000111110111010100100001100101110010100001100101101000100011000001111101110001
3290	1000101011100000110010010000011110100011111100100100000001011011100011001101011011101100000010100001
8024	0001010111001111111010100111110011010010001011011001010101010010001000110001010101001011110011111011
1096	0010101001001001001011001111111001011100011011000110011100001100101111110110100001001000100101010100
7735	1010010111101101011110001100001111001110001000010111010100010100101101100000011000000000000011011000
4084	1000000001111010101010111001101011000001100001111001100110001110010100100111111011101010101101101010
9113	1100100000101110000001000001011000010010010000100101110000101000011101101100010011101010010110110101
6125	0001001111110110000001111010001011100100111010011101000110100100000111000001000010001011001001101011
6359	0101110101110011000011000100101111001010000110110000111000000011010011101000001001111111010001100011
8113	0010111010101100110100100101110010001110111101000111111010001101101011000000010011001110100111100011
5948	0111010011010010100111011100010010010000000010010101111100111000101111000111010011011101100011111010
5937	1011011001110010011010111101111010001001001001100101100011001011100101011101010000001100001100000011
9129	0001011110110000111111101111111100100111101101110000010001010011011100011000011010011110100100101111
5185	1110111010010101100001100100111001011000001000101010011011000010100110001001000011000010001000010100
1094	1000010111010101111100100010011001000100101110111010110001011001010111001000110010110110011111111100
102	0001101000111010001100111000111010110011000100001100000001111001001010111110000100101000010011011110
6378	1000110011101111101010000100111000011100101001100101001011001101111011100010010101001111100011110000
5023	1001011001110000111111111010010011100110000001011001110000111000111010110100001001010010001000101000
9745	1010111000000110000000011111100010111100110000000001110001111111001101100010101001101100010111010111
9920	0000110111110001001001101001001100001100101100010010011110010001001011110001001100010010001000110000
8673	0111010100001001010100111110010110110110000101111110100111101010011100100101000110110011000011100000
4755	1011001000000110000111111000001111000010010000000010011111010111111001011111100111000111101010101000
6579	0001111000001010011111101001010110100011101001000100000000110101100101101110000010000011011101100001
781	1110110101100110010000000010101000111110001000011001101101001101010000110010101110110111101101001101
4893	1100011101000101100101101010010100100110101100111100111000000100111110101110010000010010110101110100
5864	1111101110001110101001011001011010011100001110101010001111111111010111000010001111010001011111000010
3291	0000010100000111111001110010100000101100010100010001100101110001011101001000101001011000101111110101
678	0001100100101010110010110011100001110100011110010000101100001110011111000010101101000110000001110100
6060	1110110101010111110110000000111100110001010001000001100000010000010111100000010101100101011000001111
9520	0000101001111110010011011001100001111001101110000011011110111001111100011110100001011100100110001011
6524	1101000101111000100011110001101101000000101110111100011011101000111101011110100101010001100100001101
2981	0001011011101010001010000011110100101000011001000011111010101101001000100000001110000100011110110100
6819	0001000000001110101010101001110001111001110110100100000011101111000111010111001110010010111101100101
2567	1001100110000110011010101110011000111000101101011111100101010000000110110101110100000011010101111011
9487	1000010101000010000011001000010010100011010010000010101101110000010011100100011001100110011011000110
1433	1101110101001001001000001100100110000111100010111011111001101001111000000101001010000101111011011101
6058	0011011101101101110001000100000111100001001010100010110111100110010010101110101010110110011101001000
2021	0111100011011110010111010101010111000111001110111110000101101000101111011011010001100100001000001010
804	0000101010110010010000110001000000100001111100110000010001100101000101101110011101110001001010100110
200	1011000110100101101111000000001001101100001100111100011011001010010001010101100101100010011001110010
2887	0110001010100011111010110101110100100111100100010110010110100011000010101011000101001010101011011010
4199	0011001100000001110011111001001100101110111100000011101100000011110011110000101100110000000100001111
9001	1101101000011011101001101000010100110000001010101010011100000011010100011100000011011100000100000101
517	0111110111000010001001111010100100110100100110110100111111010101100001001110101011101001000010110110
6686	1011101010110111111111011100111000010110011001111000001001001101101101000110010010101101011011100110
5247	0111110111000000011011010101011011101101111100110110110000100010000010011001011111000001111001101111
2317	1001010011111101001111001001110011001100000101110110011001111110000110011101001110101101111101100000
6578	0110010100000010001011100001000101110110101111111001010110100000001110101000101111000111010010011110
9750	1001110111101010101010111000010010101011100010101101011010000011001110001110010110100010011111011010
9194	0011010100111101100001100010010001001010010100011100111101000010000011100110011011001110100011001110
6534	0001111010110011011101010001010101000000010100010011100100010111110101111011000101101100001000101001
2838	0100100111000011101110000010110111101001101011101110111111110100111111000011010111101111000110101000
6175	1111100101001001000111100000010100011001100010111110101111111000001111010100001101101010000111101100
8610	1011101101101101011110110000011100010111110111101110011000000100110100111111110001000000100001101110
2833	1100111001101011101001010101000111010000100110011101000001111011111111011001001010110001001110101001
8322	0010001111001110010101101101011001011110010110001001001001101111000100000101011111111000111110100011
9955	0100010101111110011110101101000111010010000000101010110101101010011000001011001111011011011010110111
3989	0001111101010011101010111001010101100011010111001001101011110110010111101111001001101100100000010110
2218	1000011100111000011110000001110011010101101101001000100000001001110000000011011010000000011100010000
4208	0000110001001100110011011101010001010000101000001111010010100011001110100111000100001001011011000001
4874	1101110110010111011001010111011010100111101001000000110001101100000011000101010011100011100010010100
1398	0000110110111010111101001000001010100101100110101100001111101110010100101100111000000011011100000011
6989	1110100111011101000001101110001111100100001010100000011010001110111001111001001010110000001011101010
9405	0110011101100000000010011011100101010110100111110001011110101001011111100001101111000101101100010111
8546	1111101010111110011001010001001000001001001011111011010010011000011011111010111000101000001100110100
3442	0101011100111110011100000001101010101000111110010101101100110000111111001011000111000111101001000111
2236	0010101101000110101111011010011101010111001000000101101011010101100001101011100010111100010100101010
3768	0101011010101100001111011110110101100110100101100110001110110100010000001101000110100111101101011011
6558	1111011111111111011010010011001110100010001001101100001001001010100110001011111010010010110011000001
8005	0010110110010000010011010101000111111001110111011001100111111010100101010100000001101010101111010100
1857	0000000011011111010011011100110101101010011000011111000000110011010100011010000101111100010111011001
106	0000100011011110010111010001001100101011100011000100001110011011101000110011111110010011101010001011
158	1011110110011010000001010110101000001010111110100110001110001001100101010010100100110110101110110100
8733	0000100001011101111000010001000001000000000001100000100001000111011011110110001110001101101101100110
6085	0001111011001010011111011000001111110100000001010000101111001110111111001010010101001110001000001001
9896	1100111001010010001001100000001000010000001000110010011001111101000011101110011011011100101111101000
6831	0110010001100111111000010001111000010000111111100100010010011101011101011011000110101110110011100101
2350	1001001110001111001001001100100010111010101110000000011110000100010000000011000100010010000010101101
3601	0000101111101001001100100001101010101100101011000001100011100101000100111011110110011111000101000110
1974	0110000110011110101100111100110001111110001011110110101001100010101111011011101101110110100010111110
2115	1101001010110111000010001110000010100011011011011011110010001111011101110100010001101111000111101001
9367	1011110110010010110111111001111011011011111001010010000001001001100110101100001100110010000101000101
7716	1000100000111101011111101100000000000001111110001101110110100011100110100000011111000110010000010010
830	0011110011100011100111000111111011011100100010110001110010101100000000001000001001010100111111111001
5396	1000000000110010010110101000010100000101001011100111100001010010100010010101000011100111001001001000
2997	0011000011011110101101010000010111110001100000100001011101110101110010111001110111110100011101000000
9079	1001001111100110000010010010101110011110000011101011100010000101101100011110100001010110101110101110
4561	1011110111001000011001111001010100111111101101010001000110111100100001000000101011100110100001010000
2484	0001111011010000010100000110111001000000001101011010111000000100100110011101011110001011000101100000
3110	0010010111110000101001001001010111011101111111000010101010000010010011100101000001111101001111000001
2061	0100111000110100000100111001101110010100110001011110011110001110111110010101001100100001001111111110
9837	1101011110100010011100000000010111001110100111101110101010110111001001001111011111101101101001111111
1576	1000100010110100111111100010001001110101010010001001100111001110101001111011011001011001010011111110
8529	1111110010011001000001100111101001100010010101100001000001100101010010010110110000110011011110111111
1310	1000110100101110000110101110111101010011110000001010011000110000011001110110000010010001100011000000
7504	1101100101110000101010110110010101101111010001100111010100110000000111101010110110100111111110110110
9222	0100000101010000000001100001110011110001111101101100101101000101011011010011110000100110000101000100
643	1001000111000000110000000110010100011100110100110010101010100101111000011100000101010010011001000010
8821	1101011000101010000001001100101101100011010001001000011101001001110101010111101010011011100110110111
6795	1111001010110110000000011011101000111010011010111111110000010100001100101100101111000110000010001011
316	1110110000110100000111110101100100001110100101010101001101011000001101110001011010110010101101111011
2556	1101000011111011110100001011000111110110000001010101101011011101111100010011001110110100001010101011
4808	0111111100111111110011000101101000110111110111000010010001101101001110111100111000011110011100010000
2681	0011111111111111101011110101111100000001000111011101101011001010011110100110000001001110110101010010
5795	1000100000000011111000000100011000110101011001010101010111011110001100110111011110010011110111001000
923	1000110100011000101110101101110001011101011011100000011101111100100101101010011110000011101111000111
5496	0001000010111110011110011000001000101110110100011101100011110110011111000100101111101000010010010010
6642	1000111000010100000000111010011101101100101010101110111101001011010001100011100001111001110101010100
356	1000011011000000010110010100111001100111110101011010011101000101001011110011101010100001001000000001
1127	0001101101110101010001111011111111001110100110110110011000011000101001010000110101111000111110111011
2009	1100110101011100011110100100111011001000110011110100011111010110000000001000101111100100111000110111
6634	1110001001110111001011101110110110001100001111000010111110110100000101011011101101101011111100010001
1289	0100111000001110010110000001011110100000011001001000101010100001010010011100110110111010100100001111
5727	0110011000001101111001010001110010001000011111101000011001000011111111101101011010010111100110000101
6596	1001010111000010000001100110010000101001110010011000000101011000011110101000010100100000110010101010
8527	1100100001001110110000011100010100000010001011001100110100011110000000111000010110011111011110010111
2262	1011010111000000000110100101110100100111100100110011101010011011111100100000010100110101111001010011
7619	0001100010111001001011001100011011110011001010001000110011000111100110000111101000110111101011111111
6794	1100000010101111110000110000010100101110010101000011010101000000010001011001110011010011000011001010
3235	1000010101000000110001101101101100000100011010101111000001000000010000000110011011110100111100011000
4840	0001000101100011110001101001000000100001110001110100110111001111111110110111111001101011110111001010
9812	0111000110010010010101000010101101001101111101000110010110100100111000000001000011000100000000010101
1019	0110111001010011011110101000110111110000001110111011110010000100001110010000011011000100010101000110
2454	0100101101101100111010001000110101000100100011000110010000111001011110100111010101011111000001101100
5422	0100100110111110110101111010011010011001111001011010000010100000001011111100011000011011001110000111
2809	1110110010000111000001110000100100010011000100101000000000000000001010001100010101011000010101111001
9111	0010000111001101000110100000001111111100101100101001011001000101011001010111010011110010001111110101
5367	1111000110000101111110000010010100110101111011101011000000010110110110000101000011100111001100100011
7783	0001101111100101110111100101000010011110110100001000010011001110001010111000000010000001010101000111
5348	1111101000011011000100110100100010100010000100111010001011100101001110001011011000101001110101000011
7765	0000010100000101010000010100001101111101010100011101111100111101011110111010100010000011011001011101
8315	0100010000111001100010110000110000111101011011110101101110000101000111010111010110101100100000001110
9804	0110011010001001100001001100100110011111001111010100111111111110111000010000010000000010010010100000
6259	0101001010100000001010100100011111000111001001010111011001111110110100000010110000111001111111100010
82	1100110010011010011111110101111010011011100110000000111001001111100000000000010111011101100001110110
4095	1101101000100010111101010100111011100111100000101111001010111101000111101011110010101110111010110001
5200	0101010100111001001101001111010111100011111001001000100110101110110001001001111000101000101001000101
9194	1001111000011001100101100111000111011101000110100010110100101011001011010110101000100000000001110110
2571	1000011011000011010111000000111101001010101101000100111111110001111111110010011111010101011101011001
7962	0110011110111010010101111101010010110100110010111100011101011110010001011010111001011011111011101111
9444	1110001110111011100110101100000111100111100011100001110110011001111111010101110111001100001001000000
3505	1100001000101101000111110001110100111011111100000000001001001000111101111111100000001100101101100111
6958	1010110110000111011100011001110011011011111011001000101101110000101001110000011101110011111011000100
6391	1111001100000001001010011111000101010110111001110011011101100110110100100111000011011101001001100111
7327	0010111001111111011000010100110100001000110101110001100101100100101101111001111110110000111001010110
7674	1100111110101101011100100110010011101100110010100001010010110101110011101011110000111101011110010111
2445	1010010011001110001010001110111011011111010110111001010000111001000110100010011011100101001111100010
7969	1111001011100011011100100011101001100100001101111101001001101111010101011111101001001111101100111100
8558	1100100011000010001011001101100011010101000100111110010101000001001101010000001110011100001000000011
6709	0110011000001010001001011000011110110110011110000010100110010110111000000010110101001100111010101001
5348	1111110101001101011101000010010111010011000010111110111011010000010111101111101111000000001100111011
9103	0000100100101101101100100010100111001111010001111001101100000000000000001010110000111101110000111011
999	0110100011010000010001001011100011000100010010000000011011101101011001100100110000010010110110000100
4359	1110110000110000110001110001100110011110111101110111111001110110000000110011110010110110001001101100
3261	0010100101011111010110100010000011100000110000100110111110010110011010101001010010111010101101110110
4353	0000100101010000111011000010110111001000111111001000110101010001100110011110011111011100011011101110
4292	1000001001100100001110010100100010011010110010000000110100011000011001111010111001111000000110011111
4503	0110110010000100111101001110101001000101010100011101110111001011001100010101000000010001101111001001
9601	0000010100101101000111001101100001001000101100000010110100001110111011110100001101110010010111011010
4874	1101111000001100000101101000100110000000111101000100011001010001101001000010111001100011111101100101
3709	0001000101111010110011100011100110000000001100110000100011001100111010000011011111011001011000010010
9642	0100010001011010110011011010101111111011001101100000100000100000101111101010011101000101010111111001
9089	0100110100101100110100101000011100110110111110100101010101011101000001101000111100000010010101010110
1841	0000011111101001110101111111110101101010010010110100111011111010100000010011001011111111100010110111
7190	0101011011110101010000100100110100100101010100001100111000011001110111010001001001100100110011110000
2530	0110000111100010100000110100111011010000110000001101011011101100110001110111100000110011000000001100
3222	0111101101000111000110001010000110011100010000111100010110100011010110101110110011100110010100101010
