Size = 100 
Clusters = 183 
95	94	0
33	2	8
10	33	26
59	82	0
81	69	50
79	86	0
91	13	44
85	25	5
29	59	10
3	9	32
69	97	42
65	9	29
94	66	36
81	19	17
79	62	80
72	86	92
54	6	81
53	86	1
32	54	17
47	63	69
33	21	70
98	14	63
1	78	76
38	3	34
16	80	11
72	84	38
66	62	67
16	12	40
58	60	48
1	70	64
9	26	71
30	90	62
91	54	5
74	94	13
4	6	70
20	90	70
63	87	18
36	37	2
72	22	38
18	12	59
90	17	63
8	97	55
22	72	55
68	98	25
2	46	13
6	0	19
69	10	75
4	47	26
33	58	49
69	64	51
44	71	68
18	99	53
27	99	37
46	60	76
94	37	50
24	71	69
58	41	57
47	61	42
44	64	18
31	3	80
77	75	22
91	62	93
38	97	22
78	71	4
14	89	69
84	43	86
13	45	10
83	67	10
68	26	54
79	12	90
91	90	38
35	87	76
31	76	50
43	80	41
19	31	77
74	98	75
45	58	35
15	32	94
43	28	15
78	53	31
38	10	34
37	11	89
99	33	38
66	7	7
32	63	79
92	99	33
49	92	59
63	99	80
53	4	32
52	97	79
10	68	90
54	46	31
67	42	97
13	84	3
51	16	9
69	81	0
96	3	85
97	98	70
44	60	89
95	13	98
90	40	52
24	52	0
2211	1010101110110111110010101100101101110101110101110111011010110001001110110011101111101000111000100100
1373	0111100000101001111101110111110100010111101100110100110010110000001011010010100010011101001010000111
7223	0110000110100110111101011001100000000000000001000110100100001100000001001001011010011011001001010100
4467	0101010010001000010010111011110110011100111011111110110010001000000000100011001111010111001000110001
7328	0110010111111011100001010001111001111111011110101010101000110010010100101001000010010011100111101100
9644	0101001100110010111001010110001110011011001001111011011010101101000001000101110101001111011110100011
8706	1000111101111011000110001000100010110101010000011101011101010001100010110101011101011001001110010011
5044	0111000010111101100001001011111011111110111100010100000001010011001110011110010100000010100101110101
1185	0100010011011000101101001001001110001101001011001111011100000001100011011110010000010111010111011011
3484	0001111111011111011011110001000000101011100101001000111010100001100100000111001111101011001010111100
2358	0000010101101101110011100110000010110101010000110101101010111111000010100110001100101100100110000000
7864	0000010101111100010000000100001100110000000010101001110111101111011111100001110000001100000011000011
4243	1101010000001001010001010000001110010111011000000100010111110011010010001001100100010000110111111011
1350	0000111000000000001001111111100111100001010011001010101001011111111010101011110011111010001011000100
1286	0100100100101110010011100011010001110011101111000001100001110001111100010001001001110000000001011101
3372	1110111101010001000100000000101001110001110010101110011101110011010010011110001000000101100010100011
8385	1110000000010011101000101101001000011010010101010001100101110101000000101111011011100100110101001101
8390	1100010001011011111110011011111011010011101100010101000001001110001011001011100111011100000010000110
6655	0110001111111101111110000010000101001100111100010010101101000101011100110101101101100101100010111101
5266	0011111010101111101001010011101110100111111010001001010001111001101110111101111111110100010011011100
876	0011011101001111010101010101101110000101000001110010101001001110101010001001001000000000100101100001
2401	0001000010000000111100100110110111000001101110100110101110111100111001001111011101001100100011101100
3324	1010010010111011010110011111011111110000011110000101000001111101111111011010111111111000001011001001
6628	0001110110101010100101000010111000010011011000100001101110100110001001001000110110101001110110010010
5404	0001100001100011111111110000000011101100001111001111011101101100110000111100111001011101010111100001
4388	1111100010011010000100010000010011100001110010110000101110110101001110101100110001111111100100111111
1517	1011100110010001100001000000110010110100110001011011110111011010101010101100100110001011111101111001
8636	0001110100101000101010110110101001010000001000111010100101110011100010001111111111011110011100000111
4518	1100111101111011010110111101011001101011111100101100100111101000111101101000101000111001011011010101
9888	0110101110010011101110101001000110000010011001010100001100100111001111011111111111110010111001110101
4870	1000101001000101011100100001100101101011001010000110000100111011011111100011100000000110010100111100
4033	0011100111001001110110000000011011111101011011101011001110010000100011110011001000010010101101100011
2446	0110111110010010111101110101001110001101001000010001100010001000111101001101110001110110100011001100
2581	1110001000010000110000110111110111110000000110011111110000000100101001001101100110100101001101111101
5716	0110101111010100000010111001010101010100100011110010110100001101011001111010101000111000100000000110
7268	0011110111010100010010101111100010010011010110111011001010011111010000011000111110001000001110001001
6270	0001101100101101010000110000110100110100010011111000100101101111100000000011001000111000111100111110
8507	0100001110110111101000001000010001110110100111010110011100011001001000101010101100101010011100100010
9652	1011101010001111110101010100010110110100000110101101101000010000101001011011110101000100011100000001
9004	0100110100000010100011010000001010101100010010111010111110011001000010111000111010111100110011011101
3991	0100010101001010100100100111111000001101011001110100011111011100101011111110111100001101010111101001
8312	1001110000001000001100001011010011101011011000001110101000101000110001010010100000000011011100110111
3622	0000000101100101100101111101000101100101011100001011111011110101000110100000110011000011010010100101
3246	0111001101001100011000010100110111111100110011111000001001000100001011011011111111011001101110001101
231	0111110111110001000001000111111111110000001011111111110000111110101000001111110000101000011110010100
2687	1001111110001100001011010110100101010101110010100000011110101111010001101101011110110100111000101111
6000	0001011100010100110110011110010111001111101101011100000100110000101000010010011001000001011011011111
9536	0100011000101000111111000111000101111000111010001010101100101101100100010111101011101101010111000001
9179	0001001011011111011000000010001111110111010110000111100010000101110000110010010010100101111100100101
9701	0011011011000001001000111000100111010111001010000000100100101011010001000001011100001110010100010000
1567	0001101010011101000110000101011100011011001101010000010010011110001111001010001111001000000111101000
5231	1001100110110010000011100110110010101001011010110110010100110011101000100011100000111111111011011000
6151	1110010111100100000000000100001100011000010000001000000010010000101010100011011110000100011011111101
7050	1101011100001110001111100011011011011000010111101000100010000101100001010000011110111011110010011010
1843	0111000100101110010010000001111101110111110111100111010101001101111100000101110011000000111001000110
3087	0001110111001110001001000110111011000101001110100001111001110000010010010011001111101111111010100011
6739	0110001101011101101010111001001011101010100000100101100111100110000001101110011101101111000110101001
6645	0110001011111100001100111100111001111101010101000011010011100101101111111000111111010100100101101011
427	0001110011100010100100110001100010101011001000101000011000111011000011101110010111110100111110000101
1490	0111101001000001111001011000010111100110101110011011011001001110011111001010001111100001110110111000
7255	1010000101100001101010001000100100110110010001001110000001110110110011000111111101101000000111111010
9056	1100100011110001000100111100101001111101011100010010101001010100011000010101100111001011011001101011
6589	0011110100111100110111010010000011001110101101101110110011011100011111001111111111010100111000010100
685	0000100011111110010001100100000011101101000110010100110010011010001100001111101001001011101101001011
794	1101100111101011101000110110010101011011010010001101100000101001001101000110010001101010101101100110
9237	0010001011100010010100000101111010111010001001000100010011001111001111000110011010111100000110000000
5082	1011010100110000101001010100101110110000000011110001110111010100010010101011110111010010011010110111
6343	0010101011011011011100101001110111010011000011100111000011000110110100011110010111111000100001010111
1718	0100110001101011111011010111011000110100101100001011101111111010001000100100100000111100100000100110
7032	0110101111101110000001100101010010100111001110001011100000001100000000111011001010000010000101001000
1554	1110101010001011001100010110100101101100000011100100000000100101100101000000110101001100010101101100
5538	1001100100101010011010100100110000011000101100000010110111010010001001100110001010111001011011011100
3984	1110010010110100101001101000000100110101110011011011010101101010100001000110001010101000000011011001
6663	0001111100010101001011101101001010111101010001000101110001111110010000101100000100001010100001110001
291	1101111111101010011101111101001010111111111100000100001000011101010010000000101101000000011100010010
5839	0101111100010001100101001010110111110100110110001001100011110000101111101011000011010000101011011010
3142	0000000111111111011010000100001000010000001110010111010100101001111000100001010010010000011010000010
8240	0001010010100000011100010000101100011010100100010111101111101101100111110000111001100110000011000101
7255	1110011110110000110101011111111000011001010011110000011111001000000111010101101100111101011101100111
4268	1011010110100011101011110001101001010110110011100111111110110100011101100111111110101100101101010011
394	1001010011100101111011100010001110001000000111010011000000010101101100001010010100000101001111011100
4881	1100100011000011011000010000011100111010010100001101111001101001111010000110000110010011010001110111
4942	1010110110010111001100000100100010101010010010101100101111010100101101011101011000011010011000011001
705	0011110011001100011101101010110000011010011010110000011110110110011100100100111100000010101101011110
6830	1110000100100000000110010111110000000001100100100100100101010001111110101111001110111011011100110111
4021	1110011011000010111100001100111100001000100001110000011000001001010110010001010001001000111100001000
4809	1101100100001111000000001101001101011101111100100101000010010111010110111101010100100111000000001011
2011	0010010111101000101101111010001010101101001011101011101110100100011011000111000110101100100100101110
7935	1000010101000010001100010011001010010100011000110100101100101001000100000100110011000011010000110111
940	0110000101101100110011110001001011000110010110011011011000110110011000001100111100011000111000101011
585	0100011100000001111010100100001101000100000100110010110011011000110000100011100110000000001010000100
1912	0100110001101110111100000010111100000011100100001111111100101011100000101101001001100101001011101000
1847	0100010111110000100101111100001111001010001001111110110010111000010110011011010110110110111000111100
5435	1000111110011101100000010111100111100111111111111110110000001111000000111101000100010010000110101000
5878	0111101000001000111101110011000101111010011010010000100000110001110010010111010101000000101010100011
3540	1101101110100001001001011110110110000001010000010100010011010111011011000100011111001110000001010110
2237	0111100100100110101000111111110100110110000110010100111010111100111000010000011011011010001101100100
551	1010010101010110101100110010011100100111001111110100001100110011100100111000011000010111101111100111
2804	0110000100001111001101011101110000000111011101111101010010000000110100100110101110111000010000100001
1810	0011110100001001000110101001110001101100010011000110001111010011110010111010010111000110010111010010
2095	1100011011111110001000101010000111011001100000011000011000111100010010011011001010001100000011001101
1691	0010110101100000101000110000111010100011111111110110111001100010101101001110011101000100000010011000
562	0101111010110101000000100101000110000010010010011100110011000110011001001010100100100011011100000011
2095	0010011111001000101100001101011100000011101011101010011001101110000011110011111100000001100010101011
2306	1111001010000000001111100110110000111011110011101101000110110001110000110100001001011110001010010101
3361	0011100101111101101101011101101111010111001110101110100000111010011001000011000010111011101011001100
1781	1011100010010011000001011011001000000011000010010010111010001100111100101110000100001100101110100100
6195	1000110010111010000010100110001100011101100100100011110100110000010111100111001101000000100011010001
4425	1010101110111110011010000000111000010100011000011000000101011001110011000111110100010000101000011100
2272	1001100100100110000011101001010110111101000100101110001010011000000101001010101010010011100101001100
1700	1000101001001111001111100010011000110011010011111011110111011010011000011100111100001111000111000100
8697	1001001110110001110110011010100111110111100100001101001001111111011100001110100100111000101100001100
292	1001001011101011111010001110100111011011110001001111001001101011000100111101010111000110000000000000
7026	1000111010111100101001001100110011100110100011000111110001001101111001011011011111011010100010001100
788	1010010000100101111000001011100100100010011001000101000100000000110010011001010001101100101010010000
2560	0010011000111011110011111000001100001010101101010110110001101011101101100001011000000101000001110010
1738	1111011001111010101101111001011010011100110000011101111110010111111011110000101111100000010010100111
7401	1001000101100010001000110001010100010001101111110010011110011100110100000110011001100010100010010110
2023	1101010110001101000110011000000110011111110010001001110100101000011101110101001101010111001000100111
5330	0011101110111100111010011001000011011000000101010010010101011111100000010001010111100100000001111011
9802	1001010000000111100011010001001001100110010000111100011001110100000101110110000110000000111100010101
9603	1100001111110010101010111100010010011010110001110001110000000101110011010110110101110100010010000101
3248	0000110100100100110100101011000110111010011011001011111001101101000000110011010100100001111010001100
2053	0111010000100001001000001000100001000011101010001110111011010101100010000001111001001100110001001011
9294	1010000001100100100100011000110000101001011100001011110000111001110011111010100001110101111101011101
1755	1000110101001001111010100000101100110100110000111111110100011110010101000111110011011001101011101100
9417	0011011010110111111011111110111110001001101101010001100110110101111011110100010010011011011011011100
6288	0111000100011000001100111110101111111100100101000010001001011000100111000010000100100011000100110110
4480	0111101101001101000110111010001000000011010001010001100110111010011101000101100101000000010110010111
6273	1100000100111110110000001000011111111100000111111101100011011100111000111011101000000101001010000100
3880	0010000110101001010001010010100000111110110001010011010000100011001101111101001011110110010011000011
832	1010010000010001100011111000110000100100110101110100011111110000101100110100100010110111000110111000
4929	1110000110010000110000111001001000000010011100110000010010100000101111111000001011101100001101100100
348	0101111101100011001111001111101010111001111010110111010101011011101100100110001000000001110011011011
7359	1100101001010001011110111010111111000110001000101101001101100011011000000100000010100110101010110110
2314	1000010001000101010110010001001001000100110100101001100111001111110111001100000001110000111111000110
8359	1010100110000110110000000100110010000111100010001010101110010111011000111001100110001110011101101011
3774	0010101001100110111100111010011100101001000001111111010010011101101100110100011101011001010001000110
1187	1000000010010110001110100001110101101000011101001000110011110101100000110111001011011101110100011000
6371	1011110100011011010001000101010001001001100101111110000111001100000110001001101111010101000011010001
4630	1010000001110011011000110000001101111001111001000110111111110101101111001010011000010010111111011001
1512	1110100111011111111110001001010111100001011101101101011001101001101111000110000010111100101001100111
3279	0101010001010100011100001000001011000100101111110101000101011000110011110111111100110101100000010111
3534	0100011011011101001101110110001000011000010101000101011100001111001101111001111011001000110111000011
2627	1010011100001011110100001011001000000010001011110111101011110110110111110011000001001101000010111000
2544	0011100011001010101000011000001010011111000101110010010110011100110000100010011001011101000111000100
6792	0110110111111010011110001111011010001111111111001000111110110111100110000101111101110001100011011010
3173	0101011000010000101000110100111000011100100011011011010001111111010001010111010001111101001110110101
9876	1100010011110000110011011101010101111100010011001001010011010001010110001111011011011101011100010100
9904	0101101100110011101001111100111011111100000010010010110101000000110000010101101010001001011111001010
8884	0111110011010010110001110010111110100110111000010010011110101001001111010010010001000010110110110000
7324	1101010111110100101110000110110001100100010001011011000110110011111010110010010000000000001010100000
5867	0010011001110011110111010101001001001001000011111110011110000010101001000000110101001001010100100110
8272	0101110111011000110010000100100111110010010100001000111110010110010101110000000110000010100001101000
8887	1010001110001010100010111101111100001101000000001010111111111010010101000100101111011010100101111111
8337	0111000111100010101000111011100100000111101111000110000011111110101000000110010100101100011000000010
2468	1010111011000101000100101010010000111010010000000010100110101110110101001100110100100111010100110011
3206	1010111011111000111001100101000000100000010110000000111111111011000110111011010000100001010011011110
1182	0010111011100100000110100000100000000101001001010100010001110100011001111011011110011010101010001001
2200	0000001101010010110100010000100101100111110100101011010011101100010010111010000101111011110010000101
92	0101001000000101110000001110011010000010000000011010110111000011110111010011101001101001111110011101
2236	1110011010101101010001011001001000100000110000010100010111110111100001111001111001010001011001100101
6991	0100110110111111010101100110100111000000011001000111000010110101011001101011000100101110011001000111
6534	1010000110111010010010010111010100001010011010110111001101010111111001000110000100011101000010111011
692	0111011101110101010001110010000011111001000010110010100010001111100100011110010010000000100001100111
8866	0100110010101000000001100000001001001001010011110111101110111001010101110000100010100111101100000010
3759	0101000100010010011111101101111000011101001101011000010010001001100100011111000000101001110110000110
3884	0011100110111110011001011101111001100001101001010101100100001001101011011100100110110111100101110111
5334	1101011100010100011101110100011000101101111101010001111001100001101110011010111101101111000010110011
9350	1111010111011110101000001001101011010010111000111101000011010011010011100100011010010110110100010110
6357	1011111101101001011111010000111011011000100111100010011010101101111111111000001111111001100010100101
4390	0101011101100111110100101000010010000110011000101101001000111001101110110100100000100011101100011011
1719	1011011101011000000001110110000010011110011011100010101010000001001010101110111001100011111100001110
6849	1100001101111000101110011001010111010011110100110010011000111010010101100110100010011010111111111110
8767	1011011101011110011011001000000000101111001101010110101001100110101001100110100100101011110001010010
7379	1101111101100110111100011110011111011110011001100000001111101001110100111101100111000101000101001000
9405	0100010101111111000110010101101111010100001101010111100011101100011010110111101010101101000111100001
3922	1101110111111011000011001001011010110110010100111100011101110100010010001101000111011011010111111000
2627	0111110010100000110110011101101101110011001011110011001010010011010001001001000000110010001011100110
9191	0000000001011100000111000110101001000000101001111101101011011010110101110111111010100110001100100101
418	0000010100101111110011010011001010111011100010011000010000100101000111010101010000011110000100011010
3936	0100011111101110111000111001110010110001100001001110010001001100101100000010100110010101010111000011
8089	0100010110000011011111101101100100100100010001101111101000001010100001001100010110111100001001100111
