Size = 100 
Clusters = 101 
30	82	0
85	91	21
90	33	27
33	47	5
87	20	84
24	64	15
34	5	58
77	74	83
2	25	13
68	75	79
92	44	2
64	27	99
89	30	11
37	33	92
83	74	14
64	36	63
90	57	22
70	46	67
79	27	43
3	84	54
67	38	15
50	83	15
11	49	63
0	34	25
77	8	17
25	73	94
53	6	27
37	24	6
47	27	5
4	80	68
65	1	50
33	65	91
42	16	55
74	33	15
92	83	43
77	16	65
75	24	54
8	27	23
74	8	5
99	62	2
4	66	38
72	30	27
74	76	56
66	50	60
19	72	83
97	56	16
34	44	23
48	52	98
23	43	5
38	80	0
98	67	93
64	58	62
65	49	86
76	25	66
10	5	81
91	30	72
35	67	98
43	88	73
66	98	98
34	48	62
3	31	18
92	92	74
45	60	41
9	7	77
78	72	83
49	29	6
26	43	4
49	99	12
41	44	97
58	12	68
25	60	92
31	84	38
21	98	4
41	18	31
74	28	62
0	26	61
66	40	94
75	32	30
9	21	7
5	78	48
77	30	61
71	5	0
2	2	57
89	44	61
71	12	27
31	76	26
59	23	87
55	0	68
64	77	95
88	44	63
19	39	61
0	77	55
72	33	98
67	9	31
54	14	40
57	1	55
72	41	22
14	85	8
85	6	84
93	17	41
72	56	58
44	45	0
9045	0000100001100011111000001100100001001010000101001100100101011001110001111100100111100010000110011111
2074	1010010101001000011000110101101010011000111100011101011011111111010100101000100001011010000100000010
3516	0010110010110011011001001110000010000011101010000101011101111001011010100111110100111001101100110010
598	1101111101111110001010100010110000110101000000101010011011101110111100000111111101001111100011110101
9300	1100100000010000001000001000001011011101101111100001000000100010010001100011001011011011010100111001
4100	1110011010011100010011100110101011000011110010011000100010110001111010101001000101010110010101000000
7504	0010100011010001101000000001000110010110101000010111111110000011010100110011100011001001010111000111
7940	1101100100000011000100100100110100011001010010011110000011011101010000011100100000011011001100110000
8262	0000000100111111000000100000011010001001000100101010010110010001101110010010101001000001010001011101
5408	0010100111000000100010001110000111001000001111001011111101110000000110100010010011001100010101000110
8257	0100000010100000111011101101100001100110101001101001100001100111010110000111011110010001001010000000
8758	0001111011110111010101100001110111011110001010111100100101100011000000010010001101101010101001010110
5328	1101100111100110110001001000101110100000010011111111010100000011010100101001000011111011001101010110
4329	1100000011100011000111011001000100101101000101110010001010100010000110000001101011011010000011100110
901	1010100101111111110001010000100111001111101110100100011011111011101100000010000001011011100100100000
9045	0011010111111100111010100001000110010000101101011111110011001010111010100101101110000110001110011101
284	1111011011001110000011111111110011101100010011110110011010110110011010000100001011000000111001001010
4998	0001110001000011000010010000101110100010011101000001011011000011101010001101010011000111001010110010
9717	1001001100000111111000101110000000010100001110001110100000001110111111001101000100010010100011110101
2439	1100101110111101011100001000101100110110110001111111100100000101001010111001010000010000101001010100
387	0111010010000100011110110001100001011010101001001101110011001100010110000110111010001001001110000001
5515	0110110100110110100110110000001110000111100111001001010100011001010101010001001010011111001101001110
6465	0011100100110010000000110101110001111001001000100100000101100000000111100111110010000110001111010011
6071	0010110000111100001000001000110010101110000000110010110110100010111001000010111010111110011101001101
3323	0111000000110011011001100100011000100001010010001010001011100101010100111110110000100100111101011011
1554	1000000000011100100011101011011011100000001011001000100001100000011110101010100110010001101011001001
6081	1011101000011111100011110011110101110000000111001011100111001010001111100100101001101001111000011101
1905	0101111011011100111000011101101101010101010100000101101110011010100000101100111000000100101100101110
371	1011110010010100110101001111101001101110101100110110110111000001000101010011101110010000111010001000
2617	0011010001010101111010110011011010111101001000000100100010011010110011000100000000101000100100001000
2255	0011010111010110111100101010001100011010101100010111100001000000010010010110101111111010100011000000
4365	1101101011011110101101100101101001011111000111110110000011010110110000110110000010111100010011100110
2573	0100110110110100011110111011001101000000100111111011000000010010010010010010001000100110100100010010
6525	1100001000001101110110011000010101001001101011111101000100011110100100101111111010011010010100101011
2643	0010010011010001101001001000110011000101110111011101001101001100010010111110101001000010000010000010
5390	1011001100001001101010011101100001001111001100001001011100000111010110100011010101101111101011110001
1306	1010101010111100011101001001100111110110011100101101101011101110000101010000000110100011000110010000
3799	1010001110111000100010011101011000100001001011101001000000010111110001011010011011111111011101001011
1326	0000011010000110111010010001001010111001001110110011001100100010000111100010111101010001110011101100
474	0100101100000101101001110100110100110000101000101001000000011001000011101110110101101000101011010001
7308	0110000101111101010110001001111111000000000100000011001101111100100000111110011001010011100000010001
9045	1100010000101111100111001010010101111011011000011101011001000001011011001000100100011010001100100011
2107	0111100010001101110001011110101110010001000101000001010000100100000010011001011001000000011101000111
684	0100100010011100110001100011110010011000011110000010010011100010010010101101100000100010111001000101
7207	1000000001110110010110110010011010010101111101110101010001110001010100001111010110011000100010100000
3324	1010111000101100010010100010111101111000110011100010111111111011110101000011000111000010011100100111
243	0011101000110101110011110001000110011000001000111010011001110100010110001010000011001100010110001011
2055	1110110100010001101001000100000001110011111100111011111001000100100100000001111000011110101011101011
1641	0100011011011001000011100110001000001111110010101000000000110100100010000010011010100000111101100010
1836	0001001000011011000000001001010000110101010001000010111001101011001000000101001101111101010110110001
7919	0010111011111000110001011110011110000111100100000111010010101010100110010000110110000010111100110111
9518	0100000000101100100000000001011000100010101100010110101101100000110001101101011011001110001100110000
4172	1010000111001011011110000110111010110111110011110101100111010100110010001110000000110001010010011111
6452	0110010000111100001001011010110011011010000100001001111000001011110001011011010111000001001001111000
8291	0101000101111011011101000000010001011000111100111011011101101001110110011010010010010111000110100111
9505	0001001010110001110001110101010011100000101001100011111010100101011100010011100000010001110111110101
5353	1101101101111010011101011011100011010100100110010110011110010001100100010001000010111100000111010010
9110	1100110101011100010111110000011010111110010110011010110010110110100010100010010010010010111011111001
2760	0111100001100110100000111110000101110000011010001101010101110010110000110011110001100101110000111000
2426	0001010010101011101101111111011010111111011010010101100110101110101011111110100100111110100111000110
270	1001000111000101001011111100011010011001011101000000000011011011001000011111011000100100100001010111
1598	1100001000111101010101011101010101111000111110100001111111110001101111101101110101110011010010000001
6953	0001000001000000010101101001110010101001101100101100101011001011001100010011100000100110100011000001
5129	0111000000100101000100110111111001010001111000111000010101010010000001000000010101111001001100000011
9442	0010110001000100110111101111100111011000101110110000011111001111010000000110011011010111001101111111
671	1000101001011001111001110101101101011010010010111110011000010101101010010000110100001000011111001011
2835	1011000011100100100110101100101110001110111001011001001001011100101111101010001101010011100101010000
6236	1101110000111010110001011100111010110010111100000001100100111011100110010011110001001011000000001001
3992	0110011000111111010101110100000101010111010111101100110000001100000000100001010010010011110111111110
2350	1100001000001000010111001111100011101111001100011110000100111101111000100011101010111100010100101011
1782	1111101000110000100011111101110110110111010111100100100010111111101010001100000111100011101110010111
2339	0111001000010010101101100111001101001101011000110100011010001001111111101111010110011100011011011111
7474	0110001010010111011000001100010100100110000010101101010110111110101011101100001011011000010011111001
1395	0000011011000100000111001100111011000000011010111000100110010111100110111011001110000011000011100011
1792	0001010011000010011111011011011111100101000011110010110110100001010001100011011010001011010111111001
514	1000101000011100011011110011101001010111101110111100000011100010000010011010001010001100011001100111
3400	1100101010111100000100000011001010010011010011110000001100110100001101000100010011011111010000010000
588	1010110001000100111111101101010000100111110100110010011011111001111010110110000011001011110110101011
2828	1010010110011010001101010000101011100000000011110101001010010111010101010100100001000100000011111000
7032	1001111011100110000000001110101000101001011010001010101011110111100100100001110001100000000101111001
3161	1100010110001101000001100001110001001101101111101011111111000110011010010011101110101101101000110111
8436	1010111010100101010001100001100101110111001011011111001111011010001011110001000011101001100001110110
8742	0100110100100011110100000110101101110111011100100010111010100011110010011011000000101110100111111010
8783	1000100100010001011110001010001111000001010001110100100010010011000011000011100110101101011000111001
10000	1000110100111101100111110000111101110111110110110111000011110101010110100110101110001000100111100010
9460	1111111111011100111001100100001010100100011101100100101111011001001000110011000001100100001111100000
3010	0000100010000000110011010110101010100100011100000000110011100001011101100001100000100010101100001000
4356	1010110001000000100101101110100011010111011101011111000001100011111000100101010010100010011101000101
9898	0100011011011110001001111111001100111001101000111100110101000000110001100100110110001011101010001101
5064	0000110101111010111001000110111000001001010101000011011010111111001111111010000100010110110000000100
989	1000001100111110000000010010000101101001000111110011100101011101101111111010001001110001000001100000
3161	1111111110000001001111111001011110001010111011001010100010000101010011110101000010110001000010110010
5014	0100110000001110101110111001110001101000101001010100011010110011110100111010010000010010000100001000
1924	0001000001110001110100010001111001100110001011100101000110101101011110100010111110000010110110110001
4595	1001101011000010011111010111011000111100010010010000011100011100101000000100100111111001000001001110
5512	0101000111011010010110111101001011100100101101000101100100101011010111111010110010110111101011001010
2702	1001100000100101111110001101110010000110001001110011110100110011001100110011111010010110100001011100
3288	1100100100101100010100011000110010110111011011010110110010000001111111000110011010100100011001101100
4083	0111010011100101000011001101001111010011011000010000001100111011010100011010010011100000111001111111
2699	0000000001111111100001100110110000010111011011100111001001101101100000111001010001001110100110011100
2517	0011011000110111101011010110111111110011101010000100001111100101111101001010100110100101010101011011
