Size = 100 
Clusters = 157 
53	30	0
50	11	57
31	97	86
40	84	64
98	40	31
76	50	29
13	22	65
24	83	20
0	42	72
96	22	15
48	76	19
99	75	79
32	26	91
32	77	80
85	49	87
64	48	22
99	20	50
77	10	45
99	23	73
11	89	58
58	3	2
28	87	68
7	85	31
52	72	19
98	53	63
94	14	33
9	15	2
20	38	32
41	47	94
3	39	90
8	0	9
87	17	14
63	69	20
92	86	39
90	90	70
58	21	24
44	41	32
0	71	48
27	95	11
51	88	18
63	49	11
11	32	60
92	6	1
94	49	53
63	86	50
64	58	32
7	46	26
69	71	46
4	2	52
49	16	95
37	61	25
86	54	93
64	18	18
53	87	91
33	68	57
19	2	80
43	14	39
74	29	64
3	13	22
30	35	77
76	9	60
59	71	11
97	85	39
79	68	69
49	68	93
31	60	30
77	23	15
95	31	41
17	24	4
83	13	47
8	26	16
91	74	69
44	58	74
33	87	51
65	70	89
61	19	87
11	67	7
70	47	84
93	73	75
73	53	41
49	37	6
14	64	53
42	52	65
55	17	91
46	93	90
89	65	65
38	28	87
3	73	55
90	17	99
41	12	77
78	54	41
5	72	82
8	0	83
85	43	82
98	21	4
94	3	98
99	11	19
72	69	10
83	50	66
7	52	17
97	47	25
92	90	0
8984	0101011101100111001001001000000000000111101001101111000111001110011111011011101111000111001101000010
7201	0100111111000101110001001010010100110110100101010100110000111110000101110110100010000111000110011110
7821	1111110111000111001111100111000000001011011010001110001100000100011111011001101000011000101110000101
4304	1011000001001101001000100111010001000110011100100000110101010001100000100011111111110101100011001100
7333	1011101001101110110111001010111011010000000001000111100100110001101000110011110101100001100101010100
1983	0100000111011000011100100101111011010101011010111001001100101001000001110000001111110110000011110011
8640	1100011111111001100011110101111011001101111100010000000000011111110110111110010010111101101101000101
5773	0010010000011111011111101000110010001000000111100011001110011011101100000111100000000000100110000011
6463	0101011000000011110100010101111101101111101100111010111010111111101100111100100111100001111100011001
7853	1101111101001110011101101000111110111010011000000001110101000000010011011001011000100101110001010100
4216	1101010010111100100101100011011100010000100111110110001100000101001000111100111000100001100011001011
9824	0101100110101001101011010111100110011011010010100000011010001111010010011101000011100011010010001000
791	1010010011000011000101000001100000001100110001111001101111011001011010010101000010010110010111001010
3155	0011110110011111010111110111100011111001110000101101111010011011100101111011101001000111000011010010
5473	0100110110100001111011001011100101010101111101101111010000000010100000000111011010001101000011000011
558	0001011010000001011000111001110111011001100011101100101010111011101000101110100010010010111110110001
7988	0010100011010101101001010110111000001010100000010110101100000010100010111001010101010111111100100000
1487	0011001010111110110011000110010101000111000101111101001001000101101101011011000101110000000000101111
5462	0011001011011000100010010111001010001111100000100100011001111111010100100101001110000011010010001110
6835	1110011110001111100111100111010010110010111011000100110010001001100011101011000000011110110111111001
2774	1010111001100101110001101111010111111001101111001101001101101100000100100001110111100001001000011001
5004	1011111111100011101101001000010001100111011100000111001001010010101000100001011011100011001010101011
3314	1010010001100110100101011111111011111010100011010101101000010100111010101001000100001000010001111000
6365	1010001111111000000111000000101011110110110110010111111100100001111110001101000010010011101000011011
5865	0111101101101001010010100001010111101101100010010111100010010010110101100111101110100000001010100010
8259	0000110110000010011100001111011111000001000101000000001100110110101110100101101110010101100010011000
5403	0100000011001000100101011000111110110110111010110100110111111001011000101101100000101001000110100110
4966	0010111001010111101110010110100110010101000101011111110000101000101111110010011001100100010101110011
729	0001100001101110111100111011100011011110111001100010011001011101100010010100011101001100110000110011
7440	1010010011000001011011000110010110111101100010111001000001110010100011000100011101110000001111011000
4717	1100010011000011001101110100100011101010010111101100101001101100111010111100000100110001010000101011
9425	1000110111100110001110111111010111101111010100000000000011101100010011001001101110111000011011011001
3077	1111100110100111100010111110001101100011111010011101101010010110011001101011110111001001101000011100
1864	1000011110001001011011100000110011101001011111110010010100111100101101001111110011100000101101010011
2035	0010001011001010000000110011000010110000100111101100111100111100111000001101000101110011001001001101
1928	0101111100001000101110001111000011011001011000101000001010010101011111100001101100100110001101010011
1910	1101001011111111011000101000100000000011101111011111000001111010010000010010001100011100100111011011
1769	0001010010001010111000101011001000011100110100101110110101110001010100111010101010111011010100100100
365	1010110010101100111110001100101000010011001001011001111011101010111110001100110000101100000100100001
3861	1111011101010011101111110010111111100100011010011101000000111101001111000010000111100101110100000000
881	0001000011010001110011000001000110001010111011000011101010011011011011110000111110010110101100000110
6865	0001000000110100100011110000011001100111000010111100100000110100010100010000001011010100111000110110
7455	1000100000100001001110110101111100101110001110011100000011100111110011110101011001011010100100100000
8031	1101011011110111000000001000100011110111100100011001111010001011011011110101111110000100100111000110
4954	0110011110111100101101111001010000000010111101010001101011011010110001001000011010011011110001001010
6563	1100101110011000100001101111101001101010100111110101111010011100110111101001011101110100011001100111
3846	0110010000111110101000010010011010011001101110000010101011010111011010011001101000100000001010101101
5591	1010110101100001101000010101110000110111011110111000101000100101111111101011000000001011011000110111
3275	1010010001111001101010110100001011011001100000110001110010101010110010111111001010111000100011011011
967	0010011001101100010111011001100110000110110100001010101101010000101001100010010111100111001100010001
7439	0100000110100000110011111100110000010100000000101110110110011001001100010010011100000100101110111001
8852	0001111010000000100111110010111110110010111110100111100011110011111000110110010010011100100111110010
5	0011111101000110100111010100010100101110101000101011000101110111011000000101010110000101111010100001
4641	1011001000010000111101101110000000100010000010011110011000111110011100111110011000101101110001001111
1579	1011011000111111101001011000101011001100000110001010011101010101000010110011001100100100010000110110
2250	0010111101110100110110011001001001011000010111011111110100111001001110011011100011100000010110110101
22	0100011110111101111000101000000101000011001101000110010010111001011010001110001011010111001010011011
6068	1000101101110001111111011100011110011001011100000011111000110000100111000100000100101010001101100010
9597	1111111010000000001011110100110001101001001011010010100100100001010001100110011001011100100011101010
7938	1100101010101100001000011100001101111000010011011000100011111100110111001001101010100110101101011100
1867	1100101011011110000010011001001011101100101111010010011001001101100111100001011001000010110101110111
7128	1000110000100011011010010001110011111111110001101111100011011111010001000111001100101001001000010011
6405	1100011110100110000101000110110010010011100101000111000100101001110101010101110101011110011100111111
1894	1011110111001010111001110100101110101100011110101000111000001001100001101101001001000000001101010011
2071	0111001010101000001000101100101111111011111101001001000001010010100001010111101011110110011110111110
4265	1111100001010111110111111001110100110010101110000010101100101001110000010100110000010100011100001011
3906	1010000010000001110100110101010000101001100010111001110000010100101101000111001001001111110000001101
2139	0111011101010111110000111101010000001111110111011001110000010001100111011100001101111111100011000011
7700	0010000101010001111000101010010011010001001000001000111001000001001110110011101100101100101111101101
1393	0000101101011101101000000011011110011110010001010100010101011110001110000101011011111010001100101011
6787	1101010100110110000001000010110001111101000111110001100100100110000011100100110100011101101111010110
6643	0110110110001110110000000011010010110111111100110011101100100010110011011101000011100100100110101101
2777	1110100111111100000000000111001100001110100110010001100011111111010101010010000000100101010001110011
6025	0110011100000001110101100011011101000011011101001110111011110100111001001001101001010010110111101011
7358	0001010001001111111100110101101001010111011111000111000110110010100011000100011110001100111100100111
6338	0000001011110100111001000011100010001111100111011100001101011010110011110110111001000101001001111101
2829	0111001011100111001010011111001110110000110110110111010011110111000001100000001101010010111010101111
7771	0111001010110101111101000101100000001011101000110110100000111001010110011011010000110101111001011011
4117	0110010111101110010011001011010010011001100101011000110011011000111101010010110101110101001010011110
4673	1001111101010010101110100110001111010100100001100111110010110101100100110001011100001110001010101001
1515	1000101110101011000110010000001000000010110111110110000111001001100101100010100001000000001111101100
4380	0101000001100001011010100000100111001001001111011110000110000001110011111001111001101100000000000011
5013	1111100100010001111001010000111011101110101010101011101000100011011011101111100010001010100010010101
370	1101100001111010101011111000010001000000101010110001101101010001101110110110110000101111001000101100
7253	1110111001110101000010100010000100000111111101100011101111001010100101100001011111101000101101100110
2920	0111011010100000000001011010000111110010101100101110010110011110011001100100111000001101010111111010
735	0010011111111100011110100111100011101010010100001000011001010000111110101010110111011111010010011100
5891	1010000111001101111011000000100110001011100100010010110110000010011010011001100001001001011111100110
317	1111110011110000011110010000000011000110000001000011100001000110010000111101111000001101110110101001
9597	0010001001110101110011111011110110100110101000010011101001011010000111010101111110010111001101000100
4972	0010101000000111101001101100011110000000110111011110010101111100001100101001001100101101111100110000
9174	0010000110000011011101101000001101000011110010101110001011001011010110101011110010000000111100010010
9025	0001111111101100110000011100010000101101111111111101011100110010001011010011100011110010001100010011
5804	1111000110101111111100011111100100110000101100110010000100110001100001011101001010000000011001101001
4812	1011010101010010100110010001101111010010000010011011001100101000001100011110110000010010010001111001
416	1111011110010111110111011011011000110100111110101111101010111010011111000001000111011001011010001001
7383	0001111100001111101011101010111011000000011011111110001001001010010111010100000110111111001001000001
492	1110110000100111101010011100100110010111100111101010010011011110100100111010010000010101011001110111
7632	1000100001011011110001111101011000010011110111100000110011100100101101010111111011111101011000011010
7279	1000100100101010000001000010010101101100010101000010010100111110101100000100110011100100010000100001
1721	1001110100101111101000111110101010010000110001010011101100001011000111011000100011010001010001010110
8177	1010100110000111010011101000001100011100111011001101001111000101100100000110100101110011111101011000
2713	1010010001000110110111101001111100010000000010010100101010100010001010001111011100111011101111101011
4769	0001111010101111001001111111100111110010011111001100110110110110011100100100111100101101100101111110
5745	1001001000100011110110000111010100101101101001001000100011001011011001100000101010110010010011111111
8365	1000011100000101001100001001001101110011100001101101100110010110000101010010010000101001001111101110
9471	0001011011011111010011010011001101100111011100111000110110110011101101001010111001110000000011010111
546	0011111011111111010100100101101101100100001111010001011100000010001100000011000001101111110000011101
1096	0011100110000010010010010100011100100010000101110011000110100001100101111101011101111100010001010010
8757	0000000011000010110110110011101111110110110100101010101010001010101011100111100001000110110111000001
3766	1000110011001110001010000110100111011110101011101111101000011010101101101111010011111000010001000010
6229	0001111101010000100101111111010000000101110001100100100110101011010010100010010111000001110010110010
3900	0000110100111001111011010011110001111110110100100111101111000110101000001001010001110110001111001111
2663	0111001100001101100100111011101011011110001111000010110000000001010101010110000100011010101111000100
7101	1011110100100101011111000010110100110001101001110000001110010000111000101100111010111010111101011010
1607	0111011100101010001000101100000100001010001010111000010001010101001100000000001101000011001100010011
5664	1010110001011110010101110100110011001101100110100001110100011101001000010101000011110110101000111000
7434	0011001100101101011111011000000111011011111000001101100101100111001111110111011010001101001111011101
8505	1010001010100010011001011001111101111100000101010001000100000110010001001101000101000101100001110111
3376	0110010000100100010010101011011111101010100101001111101011010110000101111010000111100100011101000111
8199	0011111101011010001011110111001010101010010011100100000101111101110101111000101111011100110000000111
341	0001110100010110011011000001000100011001101011100001101000011001000001101001110011100011111111100101
945	0011011100110011111100010010100011101001010011010101101110101000011111110010100011100100000011010111
7035	1011100010001110000011101101101101001000100011100110101000101100100101100100010011101110101001110010
7700	1110111010000110010010101110110001000100011111110111000010101100111001101001011011110001000101111000
6564	0111000101110010011011100011111011110000110100010010101111110010000100001000111000011100011000110100
6714	1110011110110001001101001100001001110110101010001110101100100000001111000110011011110111101110001111
5863	1011101101110111010010011010110011111001111111000010000100100100000010001101111100001110110010011000
8907	0101111010101011000101111100001100100010110001101000110000000101000000011000100011100000010101011001
1865	0000111000101000001111100110110110000011110110110101001011110010000101011011001101000100010101001011
3014	0101000010111011011110010011001001010101110011010000111110110100110000101011010010110001101001101001
974	1110011110011100001111111000010000010111000101011101010011000000100000101111011011001100010100110100
3708	0101010111001100111101001100111111010110001011010110111101000011011101110100001110000110111000101101
4447	0100111011110101101010010000011000000010100000110101110001001000010010111000101011110110110101010111
9400	0010110110100100110000010101100010101011000010100001010010100010001100110000111100100011101100011101
8694	0011110101000001011000001011101101000010101000110100000100011011111010001001010110011100000000000000
5248	1111000111010010100101011010101010010100101101110100100111111010001101111111011001101000011011101010
2148	1000100011010001001001000000000100110110000001001101010000100001110111110011000001101111110111011110
474	1110001110111011101011001011011011011011111100000101000000111100011001110010010000011110010110001101
1574	1111101110110000110100100111111111111101100111100000111010110000010001010101101000010010110100101000
1300	1110100101100000111101011101111111000001101011011010010001110000011101010110110001011111010101101111
9271	1100100000011010011011011100100001111001111010011111101110011000100010000100111100101100110011011011
7794	1001001000101011100101001110111111011010010001111111000110011010011000000011110000001000010000111011
1882	1111010101010001110101110011000000111011000000011011011000100000011011011110101110000000101101110100
7958	0100010110011110101010011101100011010001001101101101000111010110011111110000000110010101000001100100
6447	0101111000001111001010001100110111110000010001010011100001001011011001000101000011100000100100000111
1618	0111110110000001011011111000100111101000101010101110010111010110011001010011000101001001100001011111
666	0000110000000000110001100000001111010010001011001011110000010111110010100100101000001010111100111010
4637	1101000010100100010011101101100110010111010001110111101011011000101001011111111110110111000010100100
8014	0101110101111101110101111110110110001000011001111010111000010000011001100111010110111001100000111010
2447	0011101111000001101100011101001011001100111101101011000110010100000010100000100100100011111010111110
1224	1000111011111100111010100010100110010100111110101000101011010000101010011000110011110001101110011111
1453	1100110000110111111101111001101111000011101100111000000101001110111001001110111101010111010000101111
5030	0110111010101100000001110100000100011001101001101000000000011001010011101000001000001110001101111100
8692	1110101100001000111110100100110100001101010000000010101001011000100010001110010101101100011001010001
2232	1000000010110111111000101011110001100100111111001001000000011110111101011000111011010011100101101100
8874	1100000100001110001111111100111001001101001010010111100110011100110011010111000000010010011011101001
