Size = 100 
Clusters = 148 
15	12	0
16	29	75
79	40	2
83	22	32
60	13	64
50	37	24
79	26	85
55	6	81
94	20	97
69	25	82
61	69	10
98	97	66
96	1	73
87	99	41
59	43	71
78	76	31
87	93	1
43	31	17
83	57	48
15	13	77
87	4	53
96	60	52
7	47	90
94	71	46
38	83	77
47	30	52
76	25	60
34	51	40
19	75	33
79	51	46
31	13	95
61	16	55
97	46	3
49	97	86
93	94	4
61	72	45
52	70	35
27	84	81
63	81	62
79	7	51
87	99	89
96	89	20
2	59	60
24	88	12
62	72	41
89	71	94
3	38	24
19	43	76
78	42	24
87	6	7
29	11	94
22	49	93
80	73	86
6	49	66
38	80	7
13	38	81
55	11	88
44	94	92
80	10	85
71	67	60
81	5	6
69	56	87
14	53	43
98	19	32
11	99	16
46	48	54
34	59	80
14	33	67
91	92	33
11	84	50
44	10	69
50	98	55
74	22	0
26	96	92
95	4	50
55	24	44
95	7	35
92	82	40
10	37	65
31	57	6
63	73	16
31	30	38
42	36	29
60	89	70
1	42	58
86	58	87
91	38	49
25	79	6
67	48	21
7	82	3
76	10	42
53	5	51
50	27	41
79	47	45
23	60	70
16	59	38
27	14	93
58	12	3
21	41	53
6	28	45
59	91	38
41	98	0
4730	1111101000001101011111101010010010100101100011101100101001010000110110111101000011011111000101111011
4176	1000100110010010101111010100010000001000111001011000100000111010110111001100111100100100010100001100
5828	0010010000101111010000000101001110100111011111110111111011100010001010000010011011000001101111000100
3797	1011010000111011010100000101101111100100001111000101000111111001111010110110101001011010111000001011
4461	0010101111010000010000100111110110111111110011010001010101100000111100010011101010111100011111011000
9913	1011001101101000101001111100000001100111000110100111011110110001111000001101110010001010111111001010
5126	0000011011110100110100100101011101010011000101111110000011100101010110100000000111001111011101101010
4076	1001111110101110000101000011000100101110001101000000101101100101011001000111110000010111011101000111
5987	1100011010011011100000000010001100101111001100110001000000100101001001010001100011101110001011101110
8372	1100110101010011011110010111100101010110001101111001111011111011010000001001101110111110110011011010
5254	1110001100001001011010000010100100001110010001000001011011101110001011110010111001000001101000111000
6878	1010111100011001011101011011110000000101001000101010101011000100010000101101111000000010000100110011
7504	1001100111101000100100110101100100011100010010010010111110101001010010010000001111000001100101001000
2351	1011010010110010101010101010110001100100110011101100110110101111001100010001100010011100110100111010
6899	1110010001000011011111101111010010111101010110000111000011000011011100011000000011100000000101100100
6470	1000101100000110111111001101100010001000011010101010101101100110110111010111100010011101011001010101
9061	1010000010011111101110110011101111111110111010111000010111010111000101101111000010000111111001101011
6852	0001110001001010000001001001100000110011100101011000010110011001101000010011011100000111111010010010
2430	0001010011010111111011110100110110010001010000100111100010110011010111101111000110001110010000100010
3990	1010010101110110110101101110011000000010000010011000000110011001011000101100011100101111110000100100
1812	1011011000000110010100010010101010110010011010011010110011000000100101000110011011111010000000011010
7867	0010010001110001100011110101111010100011010100100010001101110111111111010011110011001000011110001011
9769	1110011011000101110011000111001100110111010000001110100100101111001100111101101101011000110011110101
3913	1011001101101001111100010001011111111011101110010110011001111001011111010010101111111110100110000110
6501	0000011011000011010001000001101110100110011100110110000011010010011100010010000111100101111110110101
9557	1000010000101110000101110111101101100100110101010101101011010111010101100000110010110101010110100101
3277	1100111010010011101110100010011010001111010010000101101111000000000000100000111010100000000010110010
9033	1111101100001010000110011110100010011010100011011111110011011111011101011001011011111010011000100001
3642	1111100010000101111100001101010000000101101000001110110011110111001111110011011101111011000011001000
310	0100010010100111010100110001101110100011011001011111100101110111001101011011101111011011110000000010
432	0101111110110101000000011011011110001000101001000101100011110010000010000001010000010000111110100001
8993	0101101001110011111111100011100111010101101010001111101110100110000101001101000110010111101110000010
1023	1100010000111001001111100010010101010110000001000000000101010001101110001011111110111001010111000000
8178	1101000010001111100111001000001100011110000000001110110011000110101001110111111001000001101010110000
1062	1001011111011011011100010110111000010011011110011111001100000110000001100010001001110110001011000111
4069	1110001110000010000100111111110011010011000010110111010100010001001000100110011001111011001111111110
9765	1100000100011100110110010000100001110010010101010010111000010100001111101100001011000001111001111100
9563	0111100111010110100001110011011000010001111000100001011001100000110010010000111001001110110111011001
7303	1001000110110110011010001011110100100011010000111001010111101000101101001111110100011011011011101100
9233	0001000111111111011000100111101111110110110011001000100010010100000010100010110001110100001110111101
9633	0110011100011010110110000001010101011110010011110101101010110011101100010100001010111101101101000010
5305	0101000010000011000001001110101011010001100000010000111010101101010011000000111010010110110100111000
3361	1000111010111010010111111000010000111110000101000011011010101110111101011110111100110010000010001111
9759	0010000000100111110000111010111100110010011001100010010111010110100001110010111010001110011011001110
3760	0111101010010010010110110011010101001100011000001110001010001111000111100011101011100101011001001110
7611	0011101111110111110101010101110101101011001000001111110010001101001011010001011011111100111001100110
9854	0110000000010010001000110000111000100001001111101101101001010000100101111101011001101100000000010110
13	1100000011000101011111111010110010101000110011100110010101100001001010010111010000010001011110111101
4397	1111110111000101011100000100001010010001011110111011110111100001111010110110000000001001110010001100
6604	0010000000100011000010011110001100101101101100000100110010111010111100011101010110110110111001100001
1193	1001110101101110111100100101101100010010101000100110111010111001111110011000000100000100011001010010
2654	0101001101001101111100010011011001001010110010001100001000010000010001111101000111010001100110110101
5093	0000010000111110011100010111100000010110010000010000101011010001010001011100011101010110010110110011
1289	1101001101110000010011100110001110100111011010001011100001010000011100111000101011111101010010001101
317	1000110100101101110110010111010110100010101100010000011111111001000010010001011101111100000101110101
1774	0011001100000010001100010110011010101000011100110000110011100011010110110001000011011001011101010010
5834	1000100010001001000011100010111000011110101111010001000001100011011101110011111110010101101111000111
3250	1100001100101010100011111001011000010001010011001001011001001100011010011101010000011010010101110001
3102	0011101010010101010010000101110111100011101010101000010110001001000101010011100010011110111001100101
2123	1110110011110101000011000101000110111110110110001101011000000010000000111001011100000110001010011101
8071	1101000010010110000111111010000000100011100111100110000010111000100110100101100110011011111001011011
1454	0101001111000011001110000001001001101110101110100101110001110101110011110111110100110110110100101001
5675	0010111000011000110100100000000100100111101001011100101011001100111110000011011001101100110011100011
4530	1110100111101010001101110111100001001101011110010001101011110100111001110101000010111100111110000100
5268	1100011100111111011110101001100101011000111110011110110110011100000110001001111001100000101100100110
1667	0000001110101100010011000000000100000110010010001001000001011100111101000011100011101001011010100100
9092	0000010100110000010101111011010111010100101011001001111001100111110100010010110000001010001111110000
4775	1001000010111010000011100010111111110101001000001010010001101010011000101000000111111000111000000001
4650	1110111010101000111100010110100000011100001011101000110011110001001000011111001010101001011101011001
5174	1000010101111000100011000010011111110000111100010110110001101000100101111000000010110101100100110110
6936	0100100101001100100011110001010111101110000100010101110101001100101000110010101100000001001101100010
7097	1011100110101100110001010110000110010011010111101001010011001110000001010001001110000001011010111001
3639	0100000111111110111111101011000111011111010000100010100011101110110111001110110101011100000010000000
8623	0100010010110010011010110000011011001101010100011101010100110111100101100100101000000111110111101010
6289	0001001010110000100100100110111111010001011000111101101000111100100011110110001101011111100101001100
6805	0110001101101000101010000110011111111111100010011001001110101110001111011000001101001101011001000011
8805	1000000011001111010010110100000000100001000011010111011011100010000000010100100111010111001100000110
2465	0110001110001110011101101100101110101101000010101110100001010000111100011110010100101101011010011100
8868	1001000101011100001000001110100111011100000001010001000010011000010111110000011101111000100110101100
1497	0110000110010100011101111011010000101101010110111100001100010001101111110110100111011000010001000101
1432	1000111001101000001010111101110010010110000010000100101101000110010010010100001100101110011011111101
856	1110110010111101111100111011011110010100101000100000001010110110110110000110000000010111011010001011
6611	0101001011011010011110110011011110010110101110110001001011110001001000001110101010010100111001000011
443	1001011000110101100001000100100000001001010001111111001100011001100111100111110100010100100000001111
3079	1011110101100100100100100001101001111001111011100001001101100011000001011001111010110010001100011011
9443	0001100101101110111011010000011010101100001011100110001111111111111010000000110001000110110111101000
9605	1111100011001100010000001000000100010110001101000010110011010010001001111101110110110001110111100110
378	1101010100011000100101100100110110000111101011000100000110000001101111011111000101110010100110011111
6301	1011011010001101110011010100110111110011100000000001001101000011011101100001101110111111011001000110
3891	1101010100001000110010000001100000100000101011111010100000000101001110010010101010111000011001110101
616	0111110100010000111100011101000010101000100111010100100101001010000001011100001010011100110000100111
5125	1111110010100000110110010001110110101101001000100111100011100010011110110111001010001000101101000001
7295	1101000110100111110010011110110100011111010110010101100111000001100100001110111101111011111101011100
9412	1111111000101011010001011100001110101111111010110001111010010110111000010000101100100001111010010001
7510	0010001011000110111110010111111000110000100111011100010000000011001010010111000110011000111101010101
5147	1011011101000000100011001000110100111100001111100000011101010110011100101000000111011000111010001011
3952	1100010000100010010011010000110011101000111001110011011101100011011011001101000100100011111100100011
5404	0011100100001100101110000101011011111100000000100000011011000100011000001000010001100100011010001100
7829	0100011001101100101111101111100000000000000001110111101111001100111111011000111101011000011001101000
5970	0000110010111101100100101110011010000111111000001110111010000101000111110011110000001001100100101011
8834	1101100101000011101101010000000010001100000101110100011110001000110111101101111110101110010101010000
8049	0100011011101110110010001000011001001111001101001100001100010111100101001111001010001111000001111110
1730	0101010100101000110101010011011011000001100001100110110001110110100001111100010101111110111101110111
6044	1001111110100111011101111111111110001111100100010110011010000100101101000001101000001001110011011010
2271	1011001001000110001000001100110111110111111100110011100110011001111011011011010111010000000001111110
8383	0110001101001111110111101010101010011100000110110110000010110001001110111100101010101101101011010000
2624	1000110010111111101001011001100010110111001011010110001000001110111111110110111100011011001011001101
3141	1111011000101101111110111101110101010011001111011001010001001101101110000100000010100100110100010110
5081	0001111111111100100101001110010000010000001001001000100001011101101101100001001001101100110100000001
1609	0110011100110111011000101101101010010011010000100010110101010100110011110010010001100001010100111111
2797	1001111010000110111000100100000000000110100010100111101100011101011100000100010000010001101001111011
161	0000111011011101010100000011100110001101111111000010110101111101111010110000000101010001111010100000
3791	1000000001000001101010000110100111111110011101011101000011000011100000010100110110101111111000101110
2687	0101000000000101010100101010001010100110011110111110110110010011011011101010111000001001001011001100
597	1111011110100000001111101111001111001011101111010100000101111000101010101010000010010000001010111100
1910	1001000000000010110011101000000011111110100000011100000010001101011101011110110000010001011011110010
817	0011011001111111100001011010010010111101010111100001111011101100010001001011111100110011011101010000
3073	0001100010001100001111011001110100011001100100101010110011011110101010010111011010101000111000101001
1995	0111000110111011100011011111001010010111101010101101100011100010011100111100100000010101010011100101
3557	0111111001101100100100111010001011100101110011110010010100001010000101001000101100110000110011011001
7380	0110000011000101010010010011010001100100111101101100100011111101100000111100100111001011110011100001
3010	0110111111101100101000101111110110100100101110111011101000000001000110110001000101000011101010100101
6485	1011111011010100001111010000100101001101111001001000000000011011101010110011011101011001111000111111
4047	1011111001101111000011111000011010001101110010101110100010111000100100100110000111000000000101000001
2697	1011011101000111011011011011011100011110101110111100010001010100100111110001100001001111110111000010
3008	1100100101010000100111011100001001000000101100000001001110000100110000011000010101110001000011010011
6759	1000001000101010000011010101001111101100101101011000101000110110000000000010011101100001010111010100
4693	1010110101100001000001111110011000101000111101100101100010100110000101111000011001100010110011111100
7835	1101010001001010101111110011111111111010010101011100110001111011011010110001001010010011111010111000
4787	0000110010100001101111000001010010010110000110000000101001111100100001101011000111110101101101011010
3186	0100001000101000100111001011000110110111111011100101100101111000100000101011000101111011110010100011
543	0001100101111010011111011100000010100111010011111000011010001000101011001101011100101011001001001111
2695	0010011000000010000000010110011011110111000101110100010010110000000001110101000010100110011001010101
2212	0110110100111100101101011011100101000000000111101010011010000100110111100000100111111001011111011100
5469	1010010011111101011001111010101011110011000000101000000111010101101111011000111000111101011001011000
8128	1001001001010110001011100000010000111101010001011100010011000101000101001011011100111111100111000110
4689	0011001000001100000100101111001010001010011000010110001100000000001100100000111111000010001101111011
2047	1010111000101110010111001011011011101001001100011100010111111001100111011010001000100111110011101011
7876	1010010100000001010101000110011000010010010101011101000111111100001110110111110101110011010001101010
3962	1001000110100110111101110010110001111111011110111110000011011101001110110110111001110011101010100110
4612	0111010000011100010001000111001001011110001100001110011000100000101110011010010110110101111011000001
763	1110101011110011100101100001001001010110010001011011010111001001111101000011110011111001001001011100
2736	0000101011000010000000100010000011111011011000010110011110100110101011010111001001010011001000111101
7230	1001111101111010111010010110000000110100001011000011001011011010110011011000011111101110100001011010
3833	0011101001101001111010100101111110011110011101101010101001101111011000101100010111110110100110011011
2585	1110011111010000111110101000011110100011010101101110001101101100101100010111101010100110001100001010
7528	1000001111100110011001000000010110011110100110011000000000100001011011100110000100110110100010001001
8278	0101011101001001010101010010010001001110010001111001010101010010010001111110000101100100111001001100
