Size = 100 
Clusters = 110 
19	56	0
32	50	94
12	99	13
85	4	49
75	19	80
50	69	75
58	25	27
40	60	18
30	97	26
79	24	15
85	61	47
69	69	31
69	1	20
55	76	45
82	6	73
43	12	19
4	97	75
97	2	88
53	33	36
31	66	88
39	76	24
49	58	13
92	95	65
84	74	53
71	98	4
54	6	98
21	90	65
59	27	60
52	13	32
1	10	30
71	0	91
61	29	31
57	94	67
78	77	57
77	95	51
27	49	78
29	79	10
17	99	27
3	82	17
69	95	77
73	18	26
72	21	71
93	86	88
58	59	78
47	15	84
31	61	30
77	17	64
39	51	66
22	18	14
17	71	56
0	20	70
79	56	25
74	11	87
49	63	10
12	31	93
86	27	47
77	89	99
99	56	17
81	17	62
41	1	5
37	12	52
37	48	99
48	17	15
61	61	8
49	83	45
12	93	28
7	63	11
67	14	84
51	82	85
24	60	63
23	55	44
95	8	20
64	33	95
7	41	4
91	11	46
28	87	24
71	61	84
49	86	4
35	62	39
46	22	64
13	86	24
52	23	35
11	71	15
81	53	99
13	33	32
85	62	34
4	99	5
26	30	26
90	78	79
79	3	22
56	16	3
80	73	30
41	32	53
10	79	97
19	47	35
17	29	60
1	36	29
23	1	66
39	52	70
61	69	68
5	8	15
48	61	0
67	1010100011001011001111111110110111011110001110101011000010001000100010000111001000011101100011010001
9814	1100111001111001100001110111011010110011001100011001101010011110101011101101100100101010101100101110
3953	0011100000011101000011011111110101100000010111001000001011110101001000000000010011000001011110111111
3342	1011010011011110010100010110000011111000100111110000001010101010100100011100110011110100010000000111
2519	1110101110011111101001010100001001110011000100101011000101100001000000011000011001011000100000100111
1203	0110011010111010011010010111100111110011101001111111010000011011110001010011000001001110000111000010
6476	0110001100111010110000011110101000001011010010011111111001010100000111000011101010110100101111010101
203	0010001110101001110100000100100100000000001011000011110110110111110111111011100010001010011010110101
5669	1101000010101011010010101001100100000001110000100010100100110000110100100000111101000110100101000111
5418	0100010011101110010011100011101000111101010110110001100100000011101101100000100001001001111110100000
364	0011111001111001100111100101101100101000000011101011101111110101100100100011100010111101110101111100
4383	0000011100100110011001110110000010001000100011100101111001010001010011100100000001101110100010011101
4515	0100010101011011010011101100000010101101101010111001011000001100101111000100011010101011010011111111
4968	0001000101010111001101001001101110101001001011101001110000100001110000110001001101010100111011101100
2453	1000001110000101101001111010111110100101010100011001100010101100101001011011010001111011010111010110
8188	1000010001011100000110111110101010100001010110001110100101000000011011101001000010011101001001100111
3657	0101001000110001101011001000011011100000000111010010001101010110100111010000000010011111111000000100
1062	0101111001110010101010011111111010110010110010010111000100111111000000001110111010000000111101000001
7493	0001010100111001011110110010100011101011110100101110000011010110100001101100000101001110100000111010
9601	1100100111100110101101101000000011100100001010010000101111011100001001111010100110010010111001000001
532	0000111010011010000110111110000110100101110011100001001001010101000101100000100110010101101111111010
8305	1100100000100010011001100101000100010010110000110111011111001010111010010010110001111100110011010010
2572	1101010001111100100101010010001010010100001111110000000000111001110110000100100110110011100101101000
5459	1110111000001101110010010101001101010111100011001011001011001110001111011011001100101111001011111000
2558	0111100111111010111110010101110000110011110110110101010110111011111100001011110001010100010001100110
4410	1001100010100111111100110110011011010000101000100011101100000001000100000000101101001010101001011110
2539	0010111000100001111111101010011011110100101100001111111010101101000010110011010001100101110001101111
9564	0101010001101100001010011011110011111001101011100001101110111000101110001101000110100101100101110001
5581	0101101111101110100111010110000100101111000010001110111100011111011101000111101110100010010001101101
6153	0100011001111011011111000100001001100011101010100010000001100111111011010111010010010111001001001111
5440	0001111000010001011111010000100110011100010000101100010100010111110101000100001000100000100100000011
242	1111111011100101010001100011001110001000000001111000011001011011111110101001100011010000001110000101
6186	0101101010000101011011110010000100001111111110111010001110110110011101010000010111111001010111000100
774	0101110100100100110001110000100000100110010101001110110010110011010011011100101111011011101100101011
545	1010001110111000100000010010101011010010010111110101001001111011011111000001100001010101010101001101
7147	0100010110000110001110001001001010011111011010011010011001111010111011010101101000110111001001011011
7141	1001000111011011001010000010100100011110000100000000111000110110111100010001110110111111110101011000
9387	0110100101001000000000111010101001111100000011111001010001111010001111110001101010010010110001111011
5670	0111101111110111000001001101101010011111010011110101001011000010010011100101000110111000001001101100
5375	1011101111011000011100010101000001101101110001111111011001011001111000011101100101001001011110111101
5750	1000010010110111010000110101101101000101010010011001010101101101110001110101111011111111101000110001
8211	0010110010110011110000110000011011110001010001010111101001011100100011100110010110000111011100101000
7899	1100011000010101000101010000000011010111111000101111001101001111100100101111001011010001000110010010
991	0011000011101100000000001101100111100011100100011010101000110101001100011001001010010001001010101101
5927	0011000010011000101000101100001001110000110101010101000100111101001101110100001011001000100011100000
4391	0011101101000101000001101010010111010000100111000010001010110000001000101110110100110100000110111001
3045	0011110110010101011000000100101001101100101100110000101100111101000110100001110011100100111110110001
8164	1000011101001110001011000011011011100100110110000101111110000010001101101101101111011101101111110011
7760	1010111011010010100101100110001101010100011111001101111111100111101001100011101101111110000101011011
9243	1011001010010010000111100110011100000011111000001111011100001010001001111010100100011100010010110010
6549	1010110010111111011000101101111000011100010001101101010001010011010100101011011100010100000010101001
7289	0100010111011000101111111000110000010110011110101111000011011110100101010001010010011000001001000000
2003	1111111110110010110001111001111011000110001110011110000111010100111001100001100100000101010000001011
2484	0111111111001111001011001110110001000001011010000101101000110101100100010000001010111001100101010011
4091	1100011011011111100101111111110010001011111101110000100111100000101110101001010100100000111000000111
3485	0011111110010011101110011111010000000000101111100001101111110100011100111101000001100000001011100000
3257	0101101010110010011001010000111110111011001010100010011110001100000100000100100110110000011000100010
1372	1011101101100010100100101101101111001111110011010100111001111111000111101001000101100101101110111011
4620	1000011001111101000001111111110111000011001111111100110110111001101111010100100011110111000111100111
9300	0101110110110101100000001010010011111110011011100011011101000100100000010001100001011001101101011110
2667	0100111100110101011110111100000001101111001001000001110111101011000101110011001110010101100100010010
4904	1001110111010101010011001100011111111100010001111100111010011101110000100011101011011110111110110010
1126	0001011110001100010000111000001000110011011011010001010000011001001111000010110100111010111011001011
1837	0000101010101010110100110101100101000001101111000000101000010110100101111011111110010111010100100011
517	1101011001111110100011011000001111000001010001101001110101101101111111101001110110100001000000111111
3161	0010010111011101001001010110011111111101110111100101110001110110101000100111110001001111100010000001
3283	0111010010111100101101100000011001110100100111100111101001110100100101110101100111011100100011111100
9465	1110110111011000000100000001100100011000100011101111010101011001010011000110010010100110110000010001
599	1101010111011000011110010110011011001010111110010000010001000011001001010101001010111000111101100011
1506	0101100000011000100011001111001001110111001111000000011100111001011101100100100111000010001000111011
5868	1000010001111010100110100110110111010001011111010001111110111001110010101001010111110011101011111110
4025	1101101110011001001100100100000111110110010000110010100110011011111000100110100010001110111000110100
8014	0110110101100110001100001011001000110100111001011011100110111111101100101101000110110110011010110001
2313	1000100000010001101101101000011001101100000010011100010000010000110101100010011100000011101100011001
8335	1111100000111011001110100000000001010000000011001000100001111010011001100000011100011100001100010001
4344	0000111100011000010110100010000011010011101011001100111001101100001010100111001010011000001001101110
7170	1001001111100011000011000000101011110000001000000011011001101100100110010011111000000000001011101010
97	0010101111111110010011000011001001000010101010011101011110000000111100100010010000011011001001101100
8372	1010111100100111110010111101100010101100000000010100111100101100001011000010100000010010010011010000
8475	0111001101010000101000010101010110101100001001011111111010110000110010100111000001101000111111100110
2097	0011111110010010010001110000000101100111000110011100000010011000111000011010110001010011110101110010
567	0101111000011100011101010111110110111100101100110010111100010111000110101110011010001000010101011010
6956	0111001111001100101110011000011101111001011010010000000000101001010110100111011010001110111111111000
5558	0000011010001000111000000011101110110011000010000110011111000011100011110101110111101010111111101111
4939	0010001110001111000000000010101011010111011110101110110111000100010000000000011011011011111100001001
554	1000111110000001010110111010000110010001111010011010111101111101101110011010101101001100110101011000
2218	1001010111001010001010101110110000100100111111100111111101011100111000110110101011011100110110100000
1344	0111000101101111110110010100101011111100000100100101010100110110000001001100101101000001010100010001
8591	0011010011100011001100011010000110010100100101010110111010101001110010011101101010101110001111110100
1040	0110110110010000101100011100100111100100011110101010101101011001011111010110011011001001010011011011
8550	0011110000000001011000011110001011011000010101001000110101101011001110000001110011100100100001001001
2281	0101011010110010000100110100000000100110110001100100111000011110111010111001110011000101001001011000
7461	1000011110001001011111010000101110000000100000010010100101010011011011100011111001100100010110001101
8966	0001010100101001101010000100000000001110010100011100100011000000101111111000111100101000110010101001
9327	1000001000110100101111010110110100101011011001000001011111011001101001101000010011111010001101011010
6490	1011000101000110000110001001001100101100110011110001100000110110110110000010111010110100100110001110
365	1111111001100100101000011000011010001011110101100000101101111111001001000100001110111110111000000011
1320	1010110111011011101001110100111000101100001100111000001010111110110110111000100111010000111000101010
9696	1000111110001000011010101101010100001100010100100000001100111010001001111011010111000010010100101100
3774	1000100100100110010001101111011010001110010010101001010111010100001000000011100110000001111111000000
5512	0010110101110010100010010101101010000010100100000110001100011000000011111000110100010111111101101000
562	0001000001110000001110000110010011011101101000101100111011001010111011100011010001000100011110011100
9494	0100110000101100000000101010111010110101001111010110001010011101001111000010010100010111001000100011
7615	0000100101111011010010100000011001010001110010001101100010010100001001111000000101000111100100100110
3284	0101010100101011110101001000100101000110011001001100111111000100101000100101101111110011000101001110
9621	1111111001101101000100000001101110010000100010011111010010101010011100111100101110110010100101010111
9344	0110101111110001001101001100001010101110011101010111010011000001011010101001100010111011100100100011
6675	1101110010101001010110101100000100101001011000010110011010111001010001101101110001111100011110010111
6781	0110011011000111010100110110000101001111101001000110000011010100101010101100101010011101001000100001
5885	1001011010011111010001101100111011010101100111110110100101011010011001011001101010110011101000001101
