Size = 100 
Clusters = 118 
37	41	0
20	48	27
1	82	91
12	30	1
41	63	66
19	36	77
96	96	65
66	53	2
8	2	77
7	50	3
70	3	26
51	34	54
70	7	61
60	77	7
17	3	40
93	77	5
3	65	61
57	46	18
2	34	71
93	63	79
64	42	87
56	84	59
93	80	0
73	83	72
35	53	57
46	61	10
86	40	36
0	13	68
33	89	58
54	11	32
76	50	21
39	50	64
61	22	8
66	92	62
88	41	37
26	28	40
6	67	69
63	46	74
16	47	79
0	68	98
0	32	74
12	77	73
85	58	74
52	93	12
47	0	80
97	39	94
93	58	79
40	51	10
73	70	94
49	89	98
98	1	8
34	73	27
98	36	31
2	87	89
31	46	98
41	94	92
40	49	76
84	58	80
52	6	31
38	54	85
88	36	16
72	44	87
53	83	99
31	52	7
27	16	14
53	60	81
97	13	34
44	79	70
13	97	3
60	67	31
53	90	0
72	46	24
24	51	38
1	3	37
63	37	73
1	83	62
23	95	92
49	90	3
13	75	51
63	67	26
9	59	16
42	33	51
35	22	56
63	14	61
64	58	89
60	89	19
66	57	59
23	85	62
66	95	38
73	82	5
33	80	99
61	98	94
63	80	31
48	15	97
28	27	55
12	67	18
99	50	77
30	30	42
89	8	83
41	18	58
18	48	16
20	43	0
3430	0010011000000001101110001000011000101011111111000100000011000101000010100011111001110011011100010011
2916	0100110001001011101001010010000101011111111101111010110100110000100001000111011011001111101000110100
4695	1111001000001000001001001111101111001010111111011110001000100110010100101101110001101000110001001111
6652	1001110101111001101110101101010001001101100000001100101111111111011101111111011000011111110110101111
820	0000101110010001100000110011001011110111110110100001010000100010001101101100000000101110000110011101
5279	0000011100010001000010000000000100001001101111101000101101100000010010001001011001001010010011100110
1522	1000100101100100001000010100011100100001010110101001101100010010001000011001000011100110100010111100
8456	1101001110111000001110010011100001000001001000010000111000101010101111001001001101001101001011110011
7454	0011100100011000101100011001001011101110111001011001101101111011000111010010010010010111001011101110
5987	0101111001100010100000110101111001111110111111101001000100110100000011100100011101000111111000101100
8153	1001011111001110100000000010011110110110011101000011100000101111111110100100100111110101101001111001
7838	0011011000010111010111000111101111100100100010010110010110111111100111000000110101000000010101100111
186	1011010101000111000001110011010111100010011000101110010010000100101101000001000001010011111101000100
6648	0011010010000000001001010110110010001101110100001000100001110011101000111101111111000111011111010111
2855	1010110000100000100100000010010011011100011001010010000001010110111000001010110000111001111110011010
4313	0011110101101110000001000100100111011111000111101011001101101000100100000011111110110000101011011111
2514	1010000011001110101101101000000100010111100111011010100111010000011111101000001000000110000000111010
5795	0101101001101110011001001110100100010011000110101010100110110101100001000000011000100110100010110101
1688	1100110110100101011110110000000010001000010101100100011100011001110110110101010100011001111101101100
3257	1111011110100011010011011100000101011010010010011001100111100111001000110100110111000001010000100001
3866	1110001010011101110010110111100000101111001010000010111110000100101010110110101100010001111011000101
5522	1001010011111110110111110001010111011011011101101000001010111110101001110101101000000111111010110100
7881	1101111101100101010110100010011010100101010010000011010111011011111111100110101000011001111001101100
5509	0101000011111110001100001001100001110101000110110011101100100101011010100011100000100001110000010110
1317	1100011101011101101001010001000001101101001000000010001010111000000001101000111000011000110001000001
3675	1001011100111111011101010011000100111101101111001000011110000101101100101011000011011000100100010011
7427	0110100100001010000010101110010111111111001010001000101111101010110010010100000010000001111101101110
5119	1101111001110000100101010000010101010010101110011111010000101000111000000110010110100110010010000011
200	1011111101111100110101001011000000010110010111000001001000001110100011001001011100111001010110111110
8769	1110000111000100000011111111100000101111111110010101110010011000111010000110110100010010000100110100
5977	0000001011111001111110101110101100011111100111101000011001101000101101100100010101000010101100101000
8264	0011001111110110101010011111001010001001001010001011010111000101111011011100100101010011010101000001
8974	0000111101100001101101101110001010100011010001010000111001111110101100110100001111000100110111111011
3481	0111010000100001011011110111001001011001010111001100011101110011000011000100010001110011110111111011
2479	1001110111000011101100011100001111000101101110000111001000000110111111010001110010110000000111100101
6933	0000111001010010100001100000011001000000100000100001110000111001001101001110000101000100001111011000
4637	1011101001010010001111011001001000010011110000100101111100100110001001100100011110101100101001011011
1723	0011010101010000101001110000101000000110011100000010001011100011101011001111010011111011011000000010
3229	0100000111001101100011010111101110000101001001101101110000110110000010101011110000010110111011111001
9331	1001100001000100001111000111110001110001111101000011100010110000110110110001010100100111000000001100
8233	0110100110101111011110011001000100001001110100011100000100010001110010101001010110100000000100111100
2220	1010111010100011111111110010111110011111100100100100110100010001010111110000011110111011001011100111
2563	0000100010101011011010101110010001001000101011110111011001011101101100100011100001100111110000000000
1670	1000111100111111110000100010101010011101000100110010011111111011101111100100000001101111010011001010
2551	0010110101000110100100000010111110001100010000000100100100010110010111100010000111011010011100111011
8219	0101011000111111110010100000101011110110111000010100001001010010001001110001110101110110110101100110
9407	1000001000101011001001101111001110010100100101100110101110000111111010101100110000111111100000000010
8856	0011001101100011000100101111100110010010011110100000010010000111010000110000110100011011101011110111
1124	0011010111100100111001000011001010110000110000100001000111110010111001100111000101001101111001101011
9482	0100001010001001010100110010100010000000000111111101010101110111001010011001101101110100001101100101
4653	0001000000011101110001111111011101100110001010010011110110101001101001100011011101100001011101011100
6559	0101010011000001111001001010111110001000101110000111100101000110101111101100010010010000001001000011
4630	0110111101110001110101110100101100101010000110000110110110110000010110010111111010101001111100000000
7264	0011100010011110101100110001011000110000100111110111000000001011111011100111011101001010011000000110
4749	0101111011001101101110100000000010101111101011000001010001000111011001001010110111101010110110000000
2655	0000001000010111100100001011101011011101100011011101111100110111010011000100100101111001001010000101
5779	0010000000010000111001111100100111010010000000101010000110001010110001100001111110111011010100011000
9660	1001011010000000100001101111011110100010111011001100011011001000110011010001011100111011111011101000
491	1100111000111001000011100100010011111001001000010100011111011011001011101011001110010101111001001010
5602	0001001011000100010010000010101110010001110000001100111001100011010000000111000101100011011011001011
6816	0010011111011100010001010101000110101001101000011010110000011000001111101010110111101110011001011110
1260	0001101011100010100110011100011100101110111100110111011001000001000100101110100000000100000011101100
667	1011110100001101001100011100111110111010101000111100001001100011111110100110011100001011001010000101
500	1011000001101010001000010100101011000011100100010110100010101101110011101000100010101010101110010100
3948	0111101001111001100110001101001110011000101111000100001110001001010011111110110001001011001010100001
5101	0011100001000001111000010101110011000001001101101101010110101001111010101001001001000010011100100110
7427	0001010110111000010000111110101011110011010111010111101010100101001101000101100111000101011110110010
5331	0100110011111101100001000101101001111101001011101010010111100111010000111001110100000101101100100001
494	1110111111010010101110101010101111000000001100100011001001010001110111101010000111101100110100010111
1941	0000001100001110001011001110000000100100000101000010010000111000101110111111001111010101101011100000
8557	0111001100110000000101011100101100010101010101100110100001110011000101100100101110101110111000000101
9350	0110100100010101010001111000001100001000100100101000100001011111001111011011111010000110000010000110
6635	0010000100010111000101101110000010111010101000001100110110010100110011101110010100000101110001101000
2063	0000100101000000010011111011000001101001111101010110000011001001110100110010101010000100011010110101
7355	1100001000100000010001011001011001100100110111111000110010111000000111100110010011100111001100010001
3822	1101000000010001001000111011101001101011111000010001010100111000101011111001010111000001100100111101
9548	0010111001010110010000110100101101110000110000110000111100010110100110010100010000011001010101001010
7415	0100101110000010100110111000111111111101111101000101000001110010110101100111111101100110100010100110
6557	0010100101001001010101101001000101000001011101100000111101100100110001000110101110110100001100000011
9834	1111010001110100000011001000110110010011000111110011011111001111111010101011010000010111011010001111
2575	0000100110111100101100010011111010000000110001100000001010001000101110010010001111110000101001110101
5446	0010000101001111101010010100010001000000101110100100110101001111100000110000011010100010111100110111
5746	0100010000101011001110101010111101101110000011110000011011110100110110000110011001101001101001011111
4639	0101001101100011101010010001110000011101000101000010000101011011110110011101101101011010001001000000
7053	1011011100101101000111001100111000010010000110011010101100111001101010111011111011011001000010001110
9055	1010000101100010010011001100010110011110011001011001100111100011001110000011010011100000010011000011
7627	1110011110100011010100001011100101010101011101111011101101110100100000000111001110110001011101101101
4903	1010011001001001010000011111110111001000011010110111111100101111001001111001110110100100011100110111
9292	1001101110111101010101000000010000011001101101110101011001101011011010011001000111001101100101001111
4011	1000100100101000110110011000001101000111101001110101100100000101010010111110010101100010110100001001
4309	0011010001010101100000010101001101011000001000011011101101100001100011110011100100001101001000110110
200	1000110110011100101110001111101010111100001111000011011011111110110100000110111110100000100011101010
4981	1000101000001001000010110010000011001000101010011001011111001111110010101110101111011011000110011111
3345	0010001101110110110000001011010111010001000010100100010010101010011010100011010101110011000110100001
4488	1110011101000110010000101110000010100001100111101011010010111001010010100100110110001000011110001001
1735	1100111000011111000100111101101000100000000001111111011100100111010100001110101010110101110110010000
9767	0010101000100111010001001110100001110011010010100110001011100110010101011010111011001011001100100101
6074	0100001110010111110101110111111100100000110110000000110011111001000110000100011101011101000001000100
9915	1001101000011011101100010111000111101111110110101110101011001110001100111000100111111111010010011101
3918	0001000100010101000101100001100101010011010101110000000111010101001100100010100101100100101100100000
3549	0011001000110100111010000011110001011000011000001011110111111110010100110000110000000110111110001000
7588	1101111011100000000010000001011100111100000100101100100100101100110001000100001101011111001100101101
362	1101000011101110011100000010110001101111011001101101110110001001101101011011111110110100101101010011
6892	1010101000111010110100011000010000011110111101111001000101011111000000011010110001000111111111011110
2765	0011110000010101010110000111101101110000100100100100001111100000111110010110000111100000100111010000
9077	1000100001001001110111001011101011001000111100001111001100110011111110101101000010100010011110101111
2682	0010010101000110101100110111011001011100010011011110000010001111101000101011000101000101101100010101
8364	0001011101100100111101010101001111000111100011001001110010100000010010110111000100000010110011010001
9122	0011010000010110010001011111001101000111011011110010001010010100000001001010101111011010110101111111
7169	1001111100100100111011100001011111000011101100111101110000000100010110100100001111011100000000000010
9339	0101100011111000010111111101001110111001011010101011010101000010000110011010101011011100101101101100
2568	1110000100000101010101000101101110011000000010011110111101011100010101100101000101110111100111000101
1084	0111110110110100010001111111010000010111010001110100100100100011000101110000001111010100101010000011
1775	1111100001001101101101111001000111111010100111101110110100111100011011101000001011010101001000111011
5855	1100111001000001000101110101000000010010110100010000000110000011000001100100010011010011110111011100
8991	1110101001111010010101100010100111100001110111011000100100101010001101001000000100010000011000001101
54	1011101011111111000111010100011000011000001101110010110100000111101000011111100011110011111111110010
1608	1010000001000111011001011101110111001111010100100010010011011000111111111110101001000110110110011010
