Size = 100 
Clusters = 162 
76	17	0
96	70	72
73	4	90
15	36	39
74	76	5
97	17	2
4	40	0
12	83	84
40	43	27
30	54	86
30	75	89
9	87	74
88	89	46
79	45	66
64	12	66
21	81	31
90	14	37
51	59	96
94	88	71
79	53	9
67	85	25
66	50	45
62	42	53
5	0	21
32	28	22
88	89	39
83	96	60
64	5	3
2	55	90
52	31	24
82	22	49
78	33	6
27	6	49
38	26	91
68	86	59
80	69	52
16	88	52
4	53	2
28	20	81
2	42	24
29	13	88
6	41	39
91	55	84
88	99	94
72	20	61
68	51	39
45	3	41
51	63	42
54	81	77
29	91	56
18	65	78
6	20	23
55	32	6
57	39	78
13	49	16
93	96	27
41	23	10
75	80	57
87	46	32
44	85	52
99	47	17
39	9	61
64	80	10
93	66	45
19	44	34
54	80	38
18	9	93
36	88	82
28	46	56
32	93	65
31	40	97
98	79	61
20	77	56
77	24	31
13	2	78
3	46	62
77	73	47
8	87	81
26	58	99
11	1	92
7	23	66
32	45	16
21	88	33
81	93	4
30	67	82
8	49	47
50	72	95
3	36	29
80	15	65
88	62	81
49	24	46
92	30	18
22	23	55
85	2	7
86	32	37
98	6	28
94	5	93
10	80	26
36	29	68
51	73	75
40	87	20
23	41	0
8533	0000111010000111111100100110110111111111000001011000010100001000110000000010001001010111011001010011
988	1110010100011110110100111100101010100110111101101011100001111110001000111001000110100010010001111101
8288	0000110010000111101001011000011011010011010000100100001110010111101010100111110010000100110010111001
5438	0101000101000111101010100001100101000011010110111110110100001001110100100110111011010010000101101100
5406	1110011000010101100101111100100000100000010010110011111100001100010010010010110110101100101110100010
5276	0000011010010101010111000000011011100011011010000010001100001010100011010110101001011010111101110000
8582	1011111011001010101001110001111001101110111100001001100010001011010111001001111001110110111110110101
8331	1001110010011010100011000000101011100111110010001000011111010010100011101100100101111111001010101000
9937	1111011111101111110011010101110011101100000110010010101010011101101100101000100100000111011001111001
732	1100110000101011000111000011001010011111111001010101110011001101011011000001011011101010101100010100
7609	1101110001001101111011110001000010011100011010110010111100000100100110011000100001011000100101101000
2358	1111001011010110001000110000011101110000001000111010010110101010010000010011101111110111000110000000
42	0110010000111011010011101011110101100100100101000110100010000110110010100101110111111110110111001101
6007	0001100100111111001111001000100000101000001111100110011011001000001010100110011101000111101001101101
1030	1011001010011100111111011011111001011100010110100111110000001000111110110001010101011000101001101000
4255	1101100001110001000001010101101010100101010001101111101110010010110000010111101100101100100101011100
5160	0101001011101111010101111100101011000110101011010001011010010010000010001110111101001000111101111111
2353	0111010010010101000111110110011100101001110100001000001100001001111100010000110010011010011101111100
1594	0111011011000011111001000010000110111010011011011100000100110110010111011001111000010101011100100000
5138	1001101111000101111010111000000100000001111001111110010111001001100100001010010111101000010001000101
6484	0011010010100000110000111010010000000001011100100111010011001101110001111110001100111000111010100101
2522	1001101011111110110011001100011011100000000110010000110000101100000011001000110110111110011011001010
3201	0001000001001001000000010010011001001110000100000101000101110100111001001011110000000000010100011100
9863	1000110011111011110101011000000101100001110001010001110110001000001110101110010101100000000111000110
4563	1111101110000101011000010000100111000100001011111101010101000101011010011011110101011100010001001001
4079	0001110110010011100111010100110010100100110111101101011000000110110001100001110101010110110000110011
4753	0111111110010101000010101011000000011111010100100100011001010010111001011110101101101001101110100110
807	1110100011001011110101101110110111100000111111011000100001100101100111010011100100000111101000110000
1753	1000110010110010000110000011011001000001011101000001110110101001100101101110011001000110000101101000
1987	1100101000010001011101101111101111111001010000010101011100010000111100001000100011101101010001010001
2296	1011001111111110101101001010011100101001111011110100010100111011000111110010100101010001001100000111
9729	0000000001111100100000101010010001110001000100010101011110011000001100010110011011100001000010010001
8112	0100000101101010011101010011010001100000000110101010000001000010000011011100100001111110001111100101
1597	0011001010001001010110011001010011000101101000111001011111110100001001010010100000001000111101110111
6610	0010000100000001111101001110011101110101111100000110110100000111011000101101110010101100001111101011
3837	0000100110010101000101100000001010011010101000011110101011000000000000001010101011110110010101101100
8473	0010010000000000001111110101010010011001100100101010110100001000011001001010101110010011000101011111
755	0011100111111001110100101100100111001000011010111010010101001001001111100000011100001010111010110100
5839	1111011100111111011111010011001101100110010011000001110100101010111001100010100100111000011000010011
6160	0000100001101100101001001010110100010010010001001000010000111110100010010101011011100010011100000000
98	0101101000100100111110011011001011010110011100111100010111111000000010011010001101010000110001010010
2503	0100011111010111110010001001011110110000110000001011101100011010111100011110100100000100101011111110
8147	1000100010000100110101010110110011011011000111000110000101110100001101100101110011001011000111011111
2688	0110010001001011101011000101010010101100010001101010110010011000001101010110100000011000111100011011
3560	0111101000000100010001111111010000101001001110001001001110111111111010110111011001101011101110101100
9505	1111111011011101111001010011101100000011000110001100100100011100100011000111000000111110100001010100
4015	0110011110010100001001011110101000000000101100010000110100001000110011001111100010110101010100000100
9595	0001010011011010101000010001000010101010000101110011001111011111000001110100010001001010001110010101
2862	1011001010011010100101110000100001011001001111101011110001110111111100011111010111010010100110100000
1229	0111001100010001110001000100110010010011110111001101110001101001110110001011010111100001010101110001
8513	1100000000011110101101010011001100000011100100111101111110001111101011010101110011010010001111101101
8531	1101011100001010010101101101111111110000100110100000000100111101001100111110011110110101100010000010
7615	1001011101111111010001000110001111010011101011111100001000100011100000111000100010010000010000110100
7333	0011000110000000001000011010101100000000010010101100101001100100010111101011010001111101010001011000
7351	0101011100000111000000110000100001000101110110011010110000101001010111011000000001100111110011111000
1180	1010111100000101111111011011000100111010101010011100100111010101111000101111011101111011101111010011
5248	1100110001101100110110111011011110001001101001101010000010010001000011010011011100011100100001011010
4898	0111010101000001100110101100100010111110100010001011011101111000010110011001000011010000001100100100
7961	1110010100101000100110110110001110001111111100100011000001100101101010011100111100000111001110011000
6584	1001001000001000010100100001011000100010111001101111101101101000011001010101110001011100101110101000
7961	0100110010101100100100101010001000111001101010110011011011100000010011111000001100010000100000100110
9550	0011110000010111101010111100101110100111100111010011101001000101110110100101000110011100100110001000
4471	0011000011011101000110001000011011010101101111010101010100000010111100100110011001101110111111011000
7970	1011111011000100010111110000011111011100001110011110011111011101010010010000100010100101010101010010
676	0010100110011010011000010110001000001111000000110111100000011010100110000001100110010011100101110110
2605	0110111100001000110011000110011100100000011000010001101000000011111111110011011000111101010001100001
9984	1100101000010011100001111011100011001110101111111100101100010110111011010001011011010011001110010110
9194	1001000001001101000001111100001001101000010101111001010001000110110110101100011000001010010111101001
6230	0001101001101110101111001010001110111111101100000110011101101101001101011101101000110010110001110100
8269	1001110000000010011001000110100101100001011100001111100001000011011001111010111100101001010100011101
6276	1010100111011000011101111011010000010100000010011110011000000000100011011011110011100010100100101001
7087	0000001011010111000000101100100000001100100001011110000110001111100001011000001111000101111000100001
4862	0010100001101100110010111000111111110100000000011111101010000001001011011101001001101001100100001101
8395	0100101000001100000110001100110111010101000101100101101011110000010101010010100110011001010001010101
8603	1100110101101010111101001000101110100100000001001111100001010101111100010110001000111101111111111001
2595	0010010010011101111101001000111111000010100111101100110110110010110101101110010111011100100011001010
6203	1000000101001000010000001010101010010101011011001010110011000000011111110110011111110111100101110010
87	0010011000110110011000100110011110010110100010100001111100010011000111011011011000111011011100010010
5287	0101010111010000101000000111000100011110010111011100110101001101000111000101001111000001110111101100
1883	0101010100101101100101000011100000010100110101001010001010000001011001001110111111001100111110011001
1010	1010011111001111000001010010010100001110110100000110101010011001010101000000101001000111000001111000
3642	0110101101101100011001100000000000100010010001010110001111011111100101011011111110100110000100010011
2535	1100000001001001010011010111000110001011100110001111100001110001001010011101010011111100110100000010
9254	0001010111000111101100001011110010000011101010100111001101010011010101110100011100000110100011010101
2976	1101001001101111101010000100000101010001011000100110010001010010000100010011000111001101100000011101
7639	1101000111011111100010111111001001100000001010001001000001010111010100111010111101110001010111000100
4622	1000010100001011110110010111011010111101101111001101000000111111000101111010001111010000000110011010
896	0000110001001111110100011001101001001000001110111110011000101101111011110001001000100110100010101100
1260	0101100111110000010010000111100101001101100000110010000110010010110000000111100010001011110011100011
3312	0110111111101000011001000000101001011111010001011110001100101001110100000011101000110001001010000001
3443	0111100110101111000110011010010001000110100010001011000000011000001001001100101001001010110011111101
4518	1000011011110111111011011111011001000100001110110101111111010101100100001001101111110110110000111110
1761	0001000001110010100001100000111011110000111011010101011010001100101011110101000100110101111100001101
8234	0111011000100110111110000010010100101111010010111001011100110000100111000110000010000100000100111110
4457	0100011011001111010101011001111000101110101001010100011010100110100111101001000100111111101000100010
7292	1110000010001011010011011011001111101001111111000010100111111110111000111010001100011101110100111100
74	0110110000111011111101110110000010010010011101100010100000011101111110011101111111000111001010100001
370	0110110011000010110111100000110100111110100110010010111100011101101001111010001000111110110100111101
1681	0111011101110000111001110110010010000010000011101110110101100110110000000010111100010001001011101010
4381	1011010010111110111111111101000101111000111011101000011000001000110100110010011010101101001000011011
5245	1100010000000010010001011010110111011011101000001011101101111000111110111000011010111110001000011000
833	1101011101010011011111001111100111011000001100101110100001011000101010000110010000010110110100110110
4734	1111001010010100000111110100010111000101111010011001000110000011000000100101001101100111011110010101
4322	0101100011101111101001001111110111000010000011011111110000101111001001010010010111010010100100000000
8333	1111100110100110010100000001001111011011011011010111111010100101001101010100111111100000101000010000
9166	1000000101101010101110101110101001011010111100001011110011010000111011001110000100101100000010010000
8281	1010100101100010101111101101010011000110011001100000010111101001000111010111100101011011111001000101
3094	1000001101010000010110101101011110100001010000100001010010000111000101011011010011100100101111000010
3354	0010101001110100010101001010110110101010100110110011111000101111000110000101101110110111101001001001
1811	1000101010101101011011000011001010011111011100101111100001110011011101000011000101111101010101011000
7045	0101001001101000101111100100000100111100101011011000100111000001001000000011111001101100000111110110
5721	1000011100001001010000100111010001101100000001011101110001011000001011101101101010011001000000011110
4923	1011110011110101011010111001010111001101010101001110110101100000000000001010110111001100111011001111
802	0110111111100011110100100110101111011101101011111110100001111110110001001010010101100100111010110010
4421	0110100111101110000001011000100001100101010100101010011011110011010001001111010010001100000010000001
1891	1101111100111101011001100001000100000000001000101111011001111101100010000111111010001000010001010000
3263	1000101101100001101011010011001010001010110111101110011010010110010111101100010010011101010000100111
6728	1100100100010001001110100000100000011110101011001101001011100110100110010010101000001010000001000100
1693	1010000000001010100000111101110100111110000100000000001000100101001110001111010100101101000010101010
9355	0100111100011010010110010101011100100010001000111110010010111011110010110111011111010010101000001100
7328	1010110010001010111010011100111111100011101001100001000011000010101010110110011001100100010110111001
8546	0000010000111001010111001011110100010101000101011010110110000110001001001001001000000001101100000000
6070	1000101100010111101000111010001010100000011010101100111011001011000100111110111101101001100011010110
3721	0010100111000101010010111100011101100001010001111000011101110001010000001101101101011100011010110010
7352	0010101000011110001000011001110010001000100110001001111100001100001100100010111011000110001011010111
5983	0001100001001111000000110001110011101101110110001010000000011000010000100101001011001100110110111010
9910	1001011111111010111000010100011101011110001111000110011011000001110100011110110110011111010100000111
3048	1110110001001001010001111011111111000101100000111100011100101110011001001010011010011100110110011000
7560	1101101011111010111101110011010110100011111100100011000011101100111100110000111100110101001101001111
3717	1100100001010101011001101110101000010010100000010110001101110001110000011000011000010011011101001000
1646	1101100001000101011110001000101001001010000001000011101000001001101000000100001100101100110111101011
8463	1100001001110010111011100101111101101100100100011011111101110111100101111010110001110101100010111000
8646	1111000000101100001000010010010010011100011110101001100111010000100110101110010101000010100111000100
9240	0011010100111110110101010110110001110000001011000011000010010000111100111011110001010111000101011111
8036	0001101100010110111101110110000111101000011110100110111111110001100110101000100001110100001010100111
8112	0011010011001111011011101011111001010000101110000110001111000001100000010111101010010001000110010100
9255	1010010011110111010000110101101110110101001101001010010100010101010001111010101110110011100101011011
1433	0100010000111010111100001101110010110100101110011111001001011110000000110000111101010110001001111001
4852	0111011110110110011010110101110001000000110111010111011111100010110010001010010110110111010101001001
8626	0010001001110011000001110101101101011100000100010111100111111010111110110110000001111001100010010110
5261	0010100111110011111000001011000000010111111000110110000111000100000010011001101010010010111001101100
2043	0000111110111110111110001110101100000100001111010100101101010111000100010010111110110010010111001011
2402	0101101001110111100100100000001001111011001111011101100100000110111000100010001001110101111000110101
1676	0001101000010101011010000100011000111011100011001111000011011011001101111011101001111110101111101111
1793	0101001011010101001000010001000101010010001001111111000000111110100110100100010111110010110010001001
6379	0000011011100101000100101000111100110110100101011111010111000001111110001100001100011100001000001110
2227	0100101111100110111001011101111111111111101010101000000000000110100100100100001001110000111010101010
8915	0110001010000100111111001100110100101001001100011101001001000011100111011001101010001010110111101000
8500	1100111101101111001011000000000001010011111100010110110010010010001001100110100000100011110010111000
8432	0100101101000011110001000110100011001001000111001010000011111101101011011011000110001100001000100100
9997	0001110101100110100100111011010011011100100000001111010111111101011011001000111111100011110001010110
1174	1100110010110011010110001110011101011011110100110011000100010000010000110000001101010011011110110110
8978	1011000101101010100001000001111101000100011110111010000000100101111110100001111001111010011011010111
2911	0100110010011100001001011000100010110010011110100011101011111111111001000010110111010010110000110010
779	1110100001110110111101001110010001110000110110011110100100100100100110110011000110110011011100110101
5655	1010001001010000001001011110011100111100101000100011011111110011001111011011011111011011010011000110
4424	1100000111010001101100100101101100010100000011111101100101001101100001011111001010011100001111011011
4052	0001001000011011111111000010001100100111101100001100100101111100001111000101110111011000111101111000
4933	1011111001101101010111001111111001111000000110101001001000110110111110010101101110100100110011111011
3789	0101001001111110101000110110000100010001101100010000111011001111001100101101110101000011000100110000
6264	1011010101101001100110000100100111000111000100100011110000000000111011011101010100101111000011000100
3934	1010010001010001010111101011000010010011010110101111001001010111111100111000010111101000110001010101
