Size = 100 
Clusters = 108 
88	79	0
70	72	19
65	40	59
10	18	89
97	6	77
54	66	42
16	93	1
92	5	94
78	60	53
79	26	23
20	88	58
16	23	86
53	66	79
61	27	22
47	87	65
96	63	73
99	80	59
94	85	82
40	47	47
98	1	73
26	39	76
53	44	16
4	7	98
48	86	59
74	48	73
3	7	80
23	9	84
90	64	98
70	42	26
52	20	74
88	60	53
78	17	18
27	17	10
53	78	70
57	62	76
87	63	17
23	97	85
37	26	75
98	28	12
44	76	92
38	73	32
45	5	96
19	14	2
83	91	25
17	81	87
13	36	31
4	74	53
78	28	14
59	64	39
56	50	14
89	19	91
89	23	53
37	75	64
69	50	48
75	63	7
9	91	34
29	26	13
7	9	82
79	92	63
62	49	96
50	40	53
54	79	9
52	30	79
64	58	28
54	54	88
68	11	62
25	98	93
15	73	30
36	91	71
24	65	35
4	94	30
15	41	78
35	55	97
48	54	76
25	25	85
35	75	95
99	64	19
69	91	95
83	84	3
21	11	78
14	88	62
69	58	0
76	89	64
91	92	73
54	12	42
52	60	52
82	8	84
76	4	33
66	1	97
72	64	70
5	44	64
41	77	0
38	70	92
74	27	71
11	39	82
85	81	55
56	98	66
47	41	75
39	72	82
90	42	32
51	6	87
71	21	0
6494	1001000001101110111110010000010000110010011111000100100010011000101101010100101110001011110101101110
444	1110010011001101111000000100101000100001000110110111110001001100111111110100011100000001110011000110
925	0010001001110001110001111100011111101011001010111110010000010111100111100001111101110001101100011001
4596	1011101110111101010001000000111000110010100111111010011110111011001010011110001011111011110111111010
7096	0011110100001110100100100001111110000000011100100010110110110010110000111100101001001111011001111011
8179	0110000110010011110110100001010010011100110001111010110001000001010000101000101001110000001100100011
6562	0010110110000000011001000010001001110001010001011110100110100010000101001111111001011001011101010000
1322	0111110001000011100000001010110110110000010000111011101100010011101000001000000010100001110011101111
7698	0110000011111101000010011001100001010100011011000000001111110000011000100111010101111110001001001110
2632	0111110010001100000101000010011111110010110010110100100111100010101110000001011010000000111111001001
3497	0100011111111111001000001101110101000001100000010010011100001010011000110100101101110010110001001111
8387	1110111101111111111100111111001111011101000001100010100011000010001101100111110000110010101001101011
8585	1010111111010110011001010100101010100101110011001010011100000100110011101000101010111000011101110001
371	0001110100011001111000011001011011000100010101001000101111011010111001100101110110011010011101000001
5157	0001000111011101100100000101110100101110001111001011100111010010101000110011111101101001101100101001
4992	0100100110100000110000011010010110011111100001001111011111000110000001000001110111101111011111011000
8870	0101011110111111010001111101111001111111111000101111001101010011000011101100111100101101000010011101
9669	1101110100001100000110110010101011110000010001110011111001010000100100100011110100011100011111110001
5276	0001011001110011000110101010000011100001011110110011000010000010011011011001001111011110011000100001
9440	1010011011001110110111000101111110111100110110100011110011001000010111001001100100101111111100111001
2967	1010110110100010101110110000010100010100100001011000110110110110001011011011111000000001110101101101
3353	0010011001111100010011111000111010000010111001100110100000111000000111100110001011010110111001000000
2681	1010001100010010101001111010011000000100011011001100101100100110110001101101100010110100111111110001
3531	1010010010111100110010110001111001000001010110100010010100010010011111111011100001011011001010101011
2337	0000100110011010110110000010001000001010110011001011100000000100111010100111111111110101110000100100
4376	1001001001011101111011000000111000111110110101111010000110011101111101100010111000110110110011111010
1759	0001000010100100000110001000011111111101111101101110011110010010110111110000011011010110000111001010
8972	0110010100010110011000010100010100101111100001001000011100100010011001001000100110001010111011011010
8259	1101001111100111010000110010010111011010110000011100111110101110011101111111111101010000010010101011
8523	0001000100101110111111101110010101100010010011100000110110000011111101110000000010001110001011111011
7009	1001010001111010100011110110011001111111101100110011010111100011100110111011010101111000101111101010
1837	0001011000010010011001101101111111000010110111101011100100010110100000001100011111011111000101010000
4814	0010011110010010101111101001001111010101011010011111010010101101100100010000110001000000101111111110
1221	0110110001110000111100100101110000010110001010110100001110011111101001110010100011110010000111111110
2256	0000110100111001000100001000111101000110001010110001010101101001111000011010011000100011011010110110
8329	1001001010001000010001111101000111110000100101100101010100000000010010010000111001010011010000010011
2900	1011000101011100101001001111110011000111111011000010100010101111111101000111010101010011101011000011
6514	1001010010011001111100011010100110001011111010111101001101100001011100010000111110101111000001000000
4820	0101010010111101101110101111000000000100101101101001010101011001001111101100001001001111010110000011
2317	0101000011000101011110011100100000111101011110110100111101000101000101000000010111001000001001011001
2783	0000011111011111100011111111010010001010010000011110011001111100011000111001000110011111111001010011
6874	0101011010001001010100100001011111110110110011000011110110001011010000111110101011000000111011010101
7981	0100101010001100101000101010101010010100100001010111011001011001010110000011010110111111101001111011
81	0001011001111110011110110000101101111010001101100010000011011110110100100001100011010000001100010110
9219	1001011110001010100000010010001010101010011001011100100010101100100011111101000110011001101101000010
1482	0001101110001101000110110000010000011001010100100110010111010110000001111110001101111010110011001110
6316	0101000011010000110100101000001010011010110101100110001100101001010101101000111001010100010100101111
565	1011111101111110011001010111110010111101001100011011101000100011001100110100110101110111110101010001
4053	0011110101111100100001011000001000100011111101001111111001110001011110001001011000011100001011010010
373	0110011100111100100011001110111010100011010000101100100010100101010111001001100101010110100001111001
2957	1100000010010101100001011100110010101111101011110111100010000101000011010010001000001011110100000000
4895	1101110100101001011100100100110101011100010110110010110110001000000110111111001100000010100111001100
4621	1001100110101001011000101111001000000100100011000011001110100101110001100100011100100001000000111001
566	0110101111101101000001011100110011101101011000001011010110111010100110000110111100000010111001100010
2744	0010100001101111111010011011001101100101100010110011110111110101011111110100011010111101001000101001
6211	0011110100011101101100101100001010100111101011010010000000010011000111111100110010111101010000000101
8569	1001000100101011001011100111111010011110010010011110101111011100100111110100000101000100000100101000
6953	1111011100001000000110100100100011000010110101110110001010001101001110101101010000110000011101010110
1992	0101000100111000111111010100001010111000101001000111000000101001100100011010011001100001110001010100
5283	1111011010001001011001011110100111001111000011100000000100111010011111110011101101111001011111010000
6020	0100000010100000011110000001111101011010110011111110000011101010100001110001011101011011110100011000
9754	1100010111000110110110011011011010101111001111110101101001001011100010101010100010010100001000011111
2698	1101111001010110010001000101100101111010111110100001011110100000111000010011010101000010011101111111
2329	0011100000000101111011111101000110010111101001110010000010011001101000110100010000011111110011000000
3702	1010000001011101101101100010110000111011011101101000001101000101101101001101011100001010001111000011
7485	1001010011110101110101010001000101001111101010000010010011001111001110000010111000001101111000000010
842	1111000111011010101110010111101000000000001100101110110010011110000001000011011100100010100101011100
8978	1111111011010100011100101111001101111001111010101110101111001010111111010110100011110010001111000000
9214	1100001010111010000011110001100101110001010001110100000110111111010111000000100000100011100110111101
5375	1011101011001011001111111100101110100000011010101100010110101010011011000110000010000110000111000010
2746	0111011011110000111100010011001010110100000100110001010101001011110111001101010110110110011010100000
1710	1001001110111101101110001100000010010001001110101000111001001010000000111101111111111010000001000001
4941	1001001001100001000101111110000001001110111101011011100010010010010011001100000110010011010100011111
2188	1010010000000111100001110000001111011000110100110011000010011011100110001010000001011011110000101000
2388	0001011001111010100000010000000101101111010101110001000101010010010100100101001101001100000000111110
8100	0001111011010111101110011100011011010011011100100110111011101101000010010100011001100010111101110001
3204	1011111101001110101000101111000100010111101100001100010000010000010010101101111011001110100111110010
5394	0010000000100100000111110100110100011011011111000101111001101000010010100010110010110000100111110111
2546	1001111100001010001101111010101101001100100111011111001101000111000101110001101100101110110011101101
5530	0101011000110011000101011101110110011110001100011010010100001001000000101011001100010101111010011011
448	1111100111010000010100011011001000010010010100100011000000011100011011000000101110111110011010110100
3798	0100111101011100100101101111100001100101000100001101110110001101011000100010110100001011011010000010
2219	1011110010010000100000110001000100111100010100001000011111110100011001110000001001001101110110111000
7957	0011001010000010011001110111110000001111011001100010100101011001110110101010001111101100010100111000
8836	1000010110101010101111111011011100000010010001101110010011000011110001101111101000000010000111000011
6325	1001001001100110110100000001101010101111110100100010000001000110001001010011111110011111100011101101
6432	1111100100001100000111100110001111111011101011011011101001101111100100111010011010000001111000001001
3981	1101100100001001000100001101101101100010010110000111010010000010011000111011011100110101111100010011
567	1100100111011111010001101000000010100000111011000001101000000111111011110010110001111011100001101000
9469	1100101010011101111010111111100000010010011110000001010000101111001010010110011011011010000001001011
9159	1111000000001101010001010011011101001110101001000110101011000000100000011001010111111000000010001001
4405	1001101001110110110101101010011111001101111001000000001101010001000101001101110000100110011000111010
239	0111101011010100111000110011001110010010000110101000111111100011110101110101010101101100011000001010
2717	1101100001000111001100000101111000101010100001001000100010100001001110101010011010001000100110001000
2263	0101111011110001010001111111011101010111111110111001110100111010001101111101011001110001101001001011
361	0101101111010011001100100111000100110101001110000111001100010101100001110110010011001110010100011010
2718	0111000000100000001001101110110011010001110101001110000001101010010011000011111100001101011000110000
1066	0111000100101000100110110100010101010111101110000010001111000100011100000111111101100101100100100100
8421	1100111110001111111000001110111100111011101100101111000010101011100111110011010100100010001010010111
3607	1011001100010001001000001110110000001110010101010010110011100111100111000110101010100001100111110011
1660	1001000100010111101000100111101111010000010100011111110011001100011110100001101010111011001001110101
6723	0101110011001010101001001110001001011110111001010101001100001011101000011010011011000000110101100010
7358	1100000110000100110101011111001100111000001100101010110110000101110011011000111111000100101000100011
5427	1110011010010110101011011110001111110100100010011100000010100101000000101010000010010111111001000110
8021	1100111110101010110001111100111011110001111100011111100010000100100001011100111001101001111000101100
9094	0101010110100011101011111010111110000001111100011001001001010000101000000110010001101100111111111000
4790	1011111010100101000001001111000010001110100100010001000100110001011111100011001100101000001010101001
9286	0011110001111001100100110110001011111001000000110001100111110011001111111110111011011101001000101001
