Size = 100 
Clusters = 115 
5	41	0
49	80	27
40	46	1
53	34	16
80	4	48
74	74	36
16	99	0
0	12	20
7	40	14
87	58	54
44	65	70
78	12	98
12	47	19
63	82	29
34	14	60
13	87	83
64	89	55
52	29	78
33	27	38
71	64	91
26	65	0
81	31	83
87	90	83
14	24	8
29	83	35
83	0	61
65	54	7
49	33	26
35	92	7
86	54	4
80	11	11
76	62	98
32	62	2
93	21	27
90	93	19
60	29	87
78	1	58
66	51	39
63	29	99
63	21	64
38	25	6
91	41	33
29	22	74
57	65	58
91	89	9
68	16	38
39	69	80
3	85	60
86	27	6
50	96	70
92	88	34
7	64	89
71	54	9
64	53	79
98	15	56
13	18	80
70	25	21
45	68	93
57	0	97
92	51	48
24	0	35
69	93	50
72	99	40
61	79	18
44	20	26
43	92	10
84	29	91
31	83	6
64	70	28
70	77	68
95	55	16
7	25	54
20	1	92
43	39	14
40	34	40
51	68	43
17	17	57
35	62	24
56	61	36
36	51	77
2	87	10
82	85	54
50	37	20
28	19	97
44	86	46
27	25	19
74	83	66
16	22	34
11	49	18
38	83	21
43	83	43
19	98	30
5	82	69
50	67	37
16	17	53
55	65	98
73	51	88
59	90	25
89	14	45
28	26	95
35	15	94
1	75	0
2148	1101110011101001000000001100011001001000111111010101010000001110010010000000100000001010101101001011
2506	1100001001101110101100001001101111010111010011010010100101100100010010100010000110001000110101000111
8266	1100001111111011110001011001001110111010011011100000011001110111111010000011110000101000001000111011
112	0110001101101010001001010101000110000001001011011100111111011010010101001000111001111110111101100111
9488	0001000101000001110100100111001111111000110100110011001001110100111011111101110110001000000101101011
9942	1010011110010101010010110111100100110001001011101001110011011110100010011101111111010101100110010111
6753	0010001100001000100101101101101110000000101100000100010011010110010111000010001000001111001100110001
5690	0000100011000011111010110111001111111011111010110011111101110010101111001110111000101010110001101011
1735	1100001101111110110010100110101001100101000110100111110000011001110111100110101010100101000001011010
5807	0000011111111010011110001000010100010100011011111111001100111101011110111000001101001110000001110101
4826	1100111101101101001011110011011011111001011100001111110100011000000010000001010000011001000101001000
9803	1101000111011101101010001100001100101000111000100110111101101111100011000010100110111010111001111111
762	1110100000010100011010000010100000110011000101001001100001101001010101011000100111101001010101000010
6004	0001110101010011100011001011101100100110111110000110010011101011011011111101110011011111110111000101
3485	1111010000100000010111110011001010001000100010111000101111110000000111111011001010100100100011000010
951	1000001000110011000110101100100111100010010101000000101111110110101010101100110110100100011010111011
609	1111101100000001000010110100101011010000110011011101101101011000011010010111000100100100111001010000
5560	0010010111110001101001000101100001010001010011111111100011101000111100101010101000000101000111100110
9048	0100100010101001010011111001011101010101111001001111111100001100001100101100001010010000001001001011
8426	1000110001100101110110110111011011100111101110110110001000011101010001011110000101010001010010001000
9838	1011000010101101011001011100101101111010000000111111111100000001011001001001000011111011011101111110
6730	1101111100010110010100011100110000011000011100001011000111101101011000010100001010000011001101100110
7383	1001010111011010101100111101101111111001001010100100010010111110111111111110110111000001101001010010
5549	0011101010010100110011010101111001000101000000010101010111001111011110001001101101101001001001111110
4068	0001100100101000000110100001100011011000111100111111111001011101001111101010100100001011111011010111
2660	0000111110010111101100010001111100111000111010110100001111001110100110100101100010101011000000000000
5719	0001111001010111001111101101111101000000011001010000001001110110011100000001110011001110100111110101
5657	0110011001000111101111000001110111011001011100111111110100000011011110000010100010000011010001100111
760	0110010110011111001100111001010001010101110000001011110100101000100011100001111010001010010111001000
1881	0011010111000011001110110110100000001000001101110100110111011011110111011110011001110001010110100111
4907	0000101101010000110010101000000100100001111010001111001101000111100000001000111001111101000110000010
4075	1010010101011101101111010011011000100111101111101001010001001010111010001111110011111010000011110100
7592	1000110000000010000010101010110110100011110110100101001101010001111001100111011001111101110100110000
4632	1010000111100011101100000010100001110000100100100101010000010111100010010010000000000111101000010011
6288	0111110000100001000000101010110001111000100111001010111110100000011100000000011001110010000101110000
2744	1011000011001000110000001000101101010010010100101100001001110010101101100001000110110001111111000001
3547	1101001010110001010010101001100100101110111100000011011110100100001001100000000101010001101100110100
9541	0001101100000100100000001000101110001101101100011001100010001011111010111011000001001011000101010010
1390	0101101101010000111111000001101111010000010101110000001101110110001000000100111101100110100010000110
6098	1010111101000010000100011101011000100010110100110010000110001001101111010101001100001101001001000110
4057	1011100111011001101100110110100001011100000001011010001000111010110100100001000001001011110010101110
9929	1100011100111001101111011000100000000001011110111011110101111011011011011101100000101111110001111000
5408	0010001000000111100000000111110110011101110000000111101101011001000000000001011011111100000011101100
6731	1001110000101011111011110110100000001011100010001000100011111010011110000001010011000001001110001110
3340	0101100011100000011000100111111111011011001110000100100110000000011111001100100101111000010101110011
9079	1001010000010101110010100110100011011110111000000001011100100110010101000111000011101110001011001000
4822	1001011011111000001001110111100001110010010010101010110110000110010100101011001010011010100101000100
4361	0110110100000100100010001000110010100010011100111100110011111110010110000111001011001101100100011100
806	0100011100010000111000101001011001001001110101110101100010100011100011111010010000000010000101010001
2322	0101000001110110110010000110111010011011001010000000000111011001011111110101001100000010101010100110
5192	0011000001000010100110010001001001000001001000000001111011010100011001101111010100011100110010000111
1546	0111101010010110010111101000010011110001100010011001011000110000000111001111001101111010010101110000
1109	0100000010011010001101000010001110010111100011101110000101110011010101011100011101101011001100010110
2670	1010111110010010111011000001110001011000100001100010010010000111111010001000001101010001111110001110
7805	0101111011001000110100101111100001011010000011011101110011010110011011101111010001001101000101111010
3225	1010010111100101000010001100000011001001011011010100010000001011010010111101000101101100001010100010
2292	1010011000100100001100010001101111001111011110110111101000011100111101111010000101011111100111111001
3396	1110001100111010010011100100110010111110100010010111110100110101101101011100101010100000110001100011
4412	1001110110111011111111111000001000110111000010110010110001011011000000010100111011101100110000000011
2113	0010010010000001110000110001101111111010001110010101010110000101010101111101001000001001010101010111
6979	1001111000101111010000101001001010111010001111000001000010001101111100101111001000100101000011010000
9210	1110010011110001101011111010011000011100011001110010100111010101000110010111010101011110011111011011
7841	0000000101101100110100101100011111111100010001101100100101001110000111000010000110110111110000011011
6754	1100111000000101110010010111011011000100100000101101111000100000110011111111110101110100010101111101
1498	1100010000000011010101011111110001100111011010010101010101111010111010000110111110101110111111110010
2353	1010001011100011110110110000001010100000101000110100011111001011000000111010011110001100111011001110
4788	0011110111001111001110011010100101010111000100100000101111110011010001100100011111110011010110001010
1937	0011011001101101001000010101001101110101111110010011111001001110100000010010001001000100100011001101
4217	1011110101001011010111011001000001110010111010000001010010011101100100111101110100101010110001100001
5103	0010101001001011010000001110000111100111111010111000100011000101001110011000011101111111001110101011
1943	1101101111010011010000111111011110100111110111011111011001000100101110110010001001110000010101000110
8116	1100000001001101011100011011111111111000001101110110110110000100011011010011000110110110111111111111
146	0000110100011100001011110000110010100001001011000001110111001010100110011111100000001000101000111111
3936	0001111010011110100000011010011110001000101000100010100101101111001101011111000010011001010100001000
78	1110001100000111001110011110111100101110100010110110010000100010101001111001000110110111011000111011
2638	0100100101000110000110100101010001111010000110011101111001000011001001000100000011001010101011011001
747	0100101001010000000000010111010100100111001011100000000111111011000110100001011001110010010111111111
8073	1100101010011100010001011100111010011110101011111010110001000010111011000010001100011100011100110101
643	1110100110011011010011111010011100111000000011100101100100100011110011001000100100101010010000001110
4167	0001101001010011010110011100101010010001010000100100101010101101110111101010110001101110110001011010
5550	1000000011110000010101101000111010110110100001111011111001100001111101100001100101101111101100101000
9197	0100001010001011000111011011100100011111110101111101001101001000110111000000001001110011101010111000
5018	0000101010111001100100010100011000010110011111001111100100111110101010100001111100100101011101001101
352	1101001101000111010111111001011000010110100001100111110011110001001001110111101001011011100010000111
6243	1100001001111111100100011010100100110000110001011011000001101011000101011000001010101100111010100100
2290	0111000110111001111011001111111010100001010011111110001101110001001001010010110001011001011001000110
1426	0111000110011100101010111101101000010011011000000000110010110001101010100101001011011101010011111001
7508	0001001010010111000010010111010110000001000110101100011101100110011000110000001010101100110001010101
9632	0111101000001001101101011110111110000101010011001110011011001000011000010100100100001111011111011100
6070	1011101011110110001111100001100001100100110011101100001011110100110110111000101111001001011111100111
5373	0110000111110000101101101000111100010110110001001010100101011110010110011100100001111100110010110001
3906	0110010011111110101110100000100111000010010000001100101110100110000001100010011101001110011010000010
319	0101100000111010101110000001100111101111010100110111110110100100110110001010111011010000001100101111
2525	0000101110011001101110100110101000011001101000011101010111100001010010101110001010010100100010011110
8609	0101001111101100000000011010001110101011001000001011111101011010111000011111011100001001110001101101
954	1001001100000011000001111100110001111011011110010010101100010110001000010111101110000110001011101100
577	1100110110101110111101000101110001101000101100111111100010000010100101010111100011011000110100010011
1102	1110110010111010000001011000011000111011111011011010001110101011010011101101011011001011011000011001
7839	0010010111001100000001101101011100010101110111000011001001010010110110111011010110100000001100011101
7269	0010010101001011100010110101010101000001111111011111001010110000111100101010110110110011011000000110
1025	0000011011001001110010110100011110011100111100111100011000100001000111001111111001000011000011110000
8095	1100100001111011111010111111000100001100100001000000101110011011101101000101001010100100110000111001
8355	1101011011001110101000010000111001010100010001010001000100010000010001010001000100100011011001001110
6090	0010110111110101001101011011010111100001001000111111000001111101010001100101011010011100010111010100
4507	1000010111000011110000111110001110000010111001011111001100000101011010101011000011001000111000011001
6525	1111111110010010001110001101010000101111010111100001101110100001101001011010010011000100110111000011
1052	0101100101101101100111111011111111001010000101101101111001100010111011010000110010000110001011110010
5918	1100000011010100010110010111101011111110010011001111010010111101101000110000110111100111001111000110
4622	0001000100111111001010011000100011101101111001100000100110110101100100111001111101000101010100111111
6272	0001111101011010011000110000110111111110001000010101010000000001110000110100010001100111110101111000
5679	0001011000010100010100010111111000111111101010001011011011000011001101000001110011001010010101011110
3163	1111011001010000100000001011101011001110101101011100001001001000001111001000010111100010001111111101
5327	1101100011011000110000111001110000010100100001010101111010100101100100101100000100101011000101101011
8030	0001110001110100000111001101011000111100110100001100000100010111111100000010010100010111001010111000
1543	0100101101101100111110010000000011000000001000010010011111110110000111110100111110110000011011001010
