Size = 100 
Clusters = 171 
35	88	0
83	13	68
41	8	21
24	91	57
69	26	15
82	21	22
16	97	77
24	46	27
56	44	56
61	8	63
82	26	24
81	74	44
16	62	45
51	49	72
74	8	72
81	65	53
6	40	93
34	59	50
36	2	56
76	61	97
65	25	72
10	11	21
94	96	12
39	55	83
27	0	43
9	45	92
45	98	92
57	15	7
94	83	76
81	55	59
83	93	60
89	39	98
53	17	53
23	33	97
88	48	11
52	60	45
21	90	24
60	95	84
47	78	6
3	89	19
4	96	45
96	71	14
75	91	60
17	61	50
99	93	21
81	80	13
98	80	37
87	0	31
74	31	29
57	8	54
69	43	80
19	73	4
48	11	10
56	19	57
72	38	29
73	15	49
20	65	23
77	72	48
35	51	21
39	72	7
16	90	50
18	32	85
1	8	11
49	33	38
8	68	23
21	16	25
53	68	63
12	0	40
25	47	2
4	75	20
47	74	22
3	59	86
55	48	74
49	60	93
32	93	61
23	82	45
96	43	75
11	46	70
68	44	93
38	27	30
67	60	76
80	93	12
3	35	83
71	36	26
88	57	59
36	94	15
83	62	28
19	9	91
80	2	9
61	66	65
5	81	20
91	15	0
39	89	5
4	99	19
22	20	82
73	44	14
81	85	25
50	0	88
59	83	11
9	0	96
79	45	48
63	21	0
5448	0011000101000011100000011100110111110010001000010111110001100100100010010000101111110101100101110110
4181	1010110011011110000010110100100010110010110101010001011100101110100100000010100011111011101101000011
8144	0110101111000111011011110010110001010110010001001100011000000100011110110100111010001101011101001110
3157	0100100110101110001111010011110010011100000110110111101111110110111010000111010110001011101011010010
1456	0101111100010011010101110110010010000110000011010001011001010100111011011000000010100100101111011001
9293	0000010011100001111110101100010110000000111101001000111001101001100000100101101100100110110111010111
746	1101111010111011010111101001011100110100111111101000010100100100011110100000011110000010100000110011
8328	1011000000110100111000111000101111011010011101101011011111001110100000100101000100100001111100011110
463	0111111110101100101000010010011100000011001110111111000111110101101011110011110011001000101100000000
2118	1100101110101010111010110001010000001001011000011000000110001101110011100011010100011011110011111000
3588	1010011101010000111010111000101011101000010100011100000110010110000001101011111011101100100110010100
386	1100001010100000010100010111111010100111101111100010110001011011010100000010000000101000111111010000
5507	1001101011101110011000011011100100001010110010001010000001010110110000111001010001001000010100110100
7741	1110010001011100011111000101100010011000010110101111111111101110100101001101111111000101000011001110
4079	0011001101111110111010101000100101101000100000001110111110001010111001110110011101110000000001011111
4680	1001010010110011010100010111000110101101001111000011001010111010111101011011110111000001110100011010
7431	1010111000101100100111111110100010000010101101111111100110000101000100001110111011010011001111010000
8527	1000111000111110010001010111110110111101011110101101011111110100111110000000111000111010001101110011
3656	0101110000111111100011101011000100010111011000001110101100001011000011101011011010001110110100000001
547	0001001011010100001001000000111111111000010111110110111110001011010011111010100010010001100000010011
5879	0001000000000100110111100010010111110000001100101011100010110110000011101011010100000101001010000100
4570	0010010101001010111000010011110101110011111101100011110001100111111111011000111101010100110110000101
529	1001101011101110010101111011001000110100001011000100010100100110101010011000010010111101111111011100
4574	0010111011110110000011111101011101101101111011111111001100010110010011010111110001001111010001000110
9824	1001100010111011010000001001010011010100101010101011110100111001001011011000111010001010101110011101
8871	1111010010010101100011001100111110101100011010111110101111110010011110100101000010110100111100101000
8895	1001111000100111111101100001101001001100111000101111101100000010011100010000100001011010000111111111
4353	1000110111110010111001111101101011110010010000001110110001110111101010000110011001101110000100110000
8507	1001110110101100010110111011001101010101110011100111010011111011100100100010100111010111011001110111
3239	1010000110010001001111010001100111111011001101011101001101010111110001000101001011100110000111000011
4709	0100110101110010001010101000011110010100011100000011001000100011011110100101100111000111011010011101
7261	1010001101100111000101011110010111000110100000010111100110100100101101011011001111100010101101011000
2875	1000110110101101101111000110100100011110100111001101110011000110000000111111001100000101010011111001
11	0011111000000101101010011101110110110011111111010111011111101100110111011010011111111000100010101010
9120	1100010111001100101110010110011100100000000110100001111001111100101101100010110011001001110111001011
5512	0101011011101100100101000111110110101000100100111001001101100010011111000111100011111111100100110100
1172	1001111011011100001110111101010000100011001110111110101011010110011111101110010110010100010111101001
7288	1111100001000101101100101100010100100111110100011100110011010110000110011111101111111111010011101111
5205	1111111111001111010101111011100000100010000100001000010001001100011111111001101000011000110111000000
5403	1010000101101100100101100000111111010000111011110010001101110111101010011100011001101111000101010111
3694	1110001100101100100011010111100111010010111010110100100111100001100100010100110010101100000011011101
7050	1010101000000100011110100010001001111001100001001111010001001101101010100110001111000101110000010010
343	1011100010110010111111011010100110001010011100011110101100100100011101110000000010000100011100011110
8601	1111011100001111010010000000000010100010110001010000100000110010101010101000100110100000010010011100
2666	1100000001100011010011101111110001000110110100100110100000110101111011100011000111000110101101001101
1896	1001111110001001001001001110100000011001111101011001110010010100001000111110001011001001101011010101
3549	0000100011011000011011101011011011011110000110101111001011111101011101010001101000011110111100011011
7875	0010000101001000110100011100011111110110110010111100111010000101000010010000000010011010011100011110
563	1010001001111010111100000001100000000100100001111011010000000100011100000011001010001110011000001100
8968	1010010001011100000010010000000110010011101110110100001001111100111101100011001000110010011001001100
4722	1010010010111110000011011100110101000010001111000111001000001010111011011000101000100101101001001100
8489	1101001000110000101110011001011111101111111011111010001101010001000110110110111101011011011000110011
520	1001100010100000010010111110111111010000111011110111110100100011011001000011011110000011110101010111
6979	0000010100010011000000101111010111011011101001111001000110110010010101011011110100100110110010111010
4526	1011010111010100011010111010011011011100000000100010101010001101010100011101111001000101000111100100
9203	1001001101001000111000010011011110011011111101101010000000101010011011010110100000001010011001111101
5705	0001101111110000010100100010001110010011010001001001101011111101010001000101010010010100100111011111
5356	1101111010101101111011010101000001100011101110010100100011101100110101110101001011011101110100101011
149	0001011000000011011011010001100000110001110110101101011110010011011101001001010001111110100100110001
5328	1100011100110010001001001100110100000110011001011110111110100110111111010111011100111111010111111011
7744	0011010000000010110111001100011001100001110111100100100100001111110011101100110010110010101001000010
1404	0011101010011111011010011000111100101101000111101001110111111100011001001001000001010000011010010001
8430	0010110100101001111110101000001010000111011001111000111011010100110001101010011101000111111001001111
3326	0101110011011101110110011111101001101111110111010001000110110110001111010010000010001001011101100110
2	1010111111111000101000000010111110001001101101001001100000111100100011000001111101110000001000011101
5777	1111010111111100000000111001001110011011000010001100100000100011010010100101101100101000011011010000
1158	0010000011100100101000000101101010111111010000001010011101001111001001101110010110110000001000101011
7707	1101011011001011000011011001101101011110100000000011111010101101001010001001011011100000000101001000
3204	1001000100000010000010000000011111110110010110101000110100001011011110111100101011111100011100000111
889	1100011010001111011101011000011100101101110000001111010011011101111111000111100110110011011011010101
3398	0111100011100101100110001110000111011011101101010110000011101100110000110010101001100000101000101001
7387	0001111001100111110101111100001101111011000011000110101001101111010001100111010101011110001011010111
3955	1111010101010111111000111001000100110000101010010010110010000010110111100001011001101100111001111101
9161	1110111101100010111010100000101000000011100110110000110111111001011110110110111110010100110100101101
1170	1011101010111010100101100101000011111101110010010110101010010111001111000010111101101101110110111110
3067	0010101101111001110000101011100000100010110100000101101010111010011000001101100001001101001001010001
5486	0000101100110001110101110100100010011001111011000110101010010011101010010101100110010100100110010000
2098	1010111010110011110001011000001101110100100000011000000111011100010111111111101001101110110110000000
6930	1011100010010100001001011001000100011000101100010111000100001010111100010010010001110101111111010110
3684	0111101011101011110010101101101000000101101101101000000000000100000101001101011010010000101101111111
8902	1111001011100101101011010011110101111001010111110100000101001110110000101111000111011001110000011000
1349	1101010110101111100011101010101010001010001011010010110001010011110111000101000010111101111110011011
9894	1101011001001001001011111110001000111001111101001111000011110011100101011010110011111110101000101111
5203	0111100110110000101010011011011110101011101110000100101001101111111110000011011101110001001100101110
2538	1000010001001101010110001101100011101111001011000010010101100100001111100000100000011100101011001011
9365	0100010111110011100000110010101001000101001010000111110000010100011001100110110011010101100011011100
8741	1111011110101000101000101110001101011100010101011010111110101001110011010010110010011000010000101010
8265	1001100011011100100111000111000010011110000100100110100110011111001100011110000010011101111111101101
7867	0010000001100001100000000011000010101101001000010101111111100111010111011010010001101110110000010001
2686	1000110000110001110010010011101101101011001101010010010011001110010001010011011001010011000000000000
8230	1000111010110011100101010111000100110110010010011001011011111010001101111100000000011100110000111110
558	0101111111010100011100000100110100010011001000101001010100110000111101000010110000001111011001001011
2647	1001101010000001110111000001101001100001001110000001101101011110111000010011000111000101100000010011
1893	1010111111000100101101100001010001100011000001010010110001000011100110110110100101111111010001111010
7075	0001001001001010001011100000100111010010111011111011001000111011101001100000111110001110010000100011
4458	0011011100010110101100011110101000100101101101110110000100011001100110110011111111111100010011110100
9427	1101010011110110000010011100001001111100101001101101101010010000101010001011101111111000111100111011
9295	1100000111011001111100011111101001000001010001001101101101001000011110111000110010110101011100100000
3866	0011110110111111100000110010111001101101101011100111101001011011000101001001101000000011001111001100
6231	0101111000111110101101110110010001001101000000000010010101100110000001001000111111100010001010010000
3353	1100010101000001100011111011100110011001110100000101000001110000110111000101110110000111101110011010
3126	1000110110111110110000110100000100010100000100010001010000001010011100101111011111101101111011111100
9749	0100001100000010001011100000100100001100110100101011001101101111011111000000111001100011001011100100
4128	0100011001101011111010010011100101110100011100000001011001110110000001011110010000010110000111000000
2292	1101100001111111000110100000000010000011101101100111110011111110011001001101001001010001110011101011
7785	0000010110010000101100111010000100110101000111100010100011100010010111111110011011010010010100000111
8828	0110011001110001000110100001101100011100111000010100000100001010011110001001010000101111000010111001
5535	0011101100001100100010110111100011101011010000100011011100011010100110101001100111010100110010101101
7849	0011111101001001011001000001010011101100101101110110001101000000011001001001100100100011000110110001
5075	0010110011000001101001010001010000111100000011110001011001000001010011011111101100000110000101100010
361	0001001000001000101011100111001101000011100000001110001100011110010111100001101000010101001001011111
8773	0110001010001100000010100001100100000110110101001000000001001101100111000110010001010110001000101001
137	0000110001000010101101011001010110110111110100101010101010011111010001010001110011100111100001111101
1950	1111110010100100010110001000000110111110110101000101010110111101011110110001101111011110001010001010
6043	1100100000010101010001111001101101110101110000110111001001001001110110111001010000101100100011111000
9738	1100100000100100111010100100111011110001000001111100011010110100001110001000101000000011100110101110
5475	0110000001011000110010100000011010101001101111010010000100101111010011100110010101100110111001110011
8648	1011011000100100110111001010010111011010111110110011000110000001101100111011111011001111111010001011
287	0000110100010100100100100000001010101100000100000001011100010000100011010011101111011001110001110111
5128	1010111000100000100110010111010001110100101001111000111111111001100110000000110001011111100101001101
6062	0100101000011000111101001101111111010110001011010101100011011011110000011011010011111111010001110100
7814	1010110111101101011010010101000000000001110111000100100111001000101110100010101110100111100010110110
7852	0010000100110000001101101001100011001010000011111111011010000011110011001001111000010011011000110010
5202	0010111110111010011000001111111110110101111010011000011110110000011110111110110001000111010100110100
5687	0100011000100011101101000011000001100001011000101100101100001100101100100011100000111001111000000101
1704	1101101100001101000101010010101110000001001010001011100011010110100001000100000101101100101010000111
1389	0111100010101110101110001011001001101000000011101111111000011111100110010000010001010101110010000011
1690	0000110101001010100000111001100001101110010100110001111111001011110110100100111000001100101010001101
3928	0110011101010100110111000000011110000100101010110010011100101010000100110101010110110001001011000000
8077	1101111101101101111010100111110001101100100011110000111101110000111001110110100100101000011110001011
7987	1001111000000110100010100011101000111110111111000001100111010001111011011110001011011001111111011001
4387	0101000101110101001010100111001100010101101100001011100001000100101001010110001000100000111101101110
1210	1011111101100100100000111101000011011110100010000000010001001011111101011100010001001010001000101001
2040	0110000010111010111001011010001110101110000010100100001001011001101001100010110110000100100111100001
1291	0010100010100110110001111101110010010001111100101100111110010100110000111011001110010001010110101111
5283	0010101011001110101011110111000100110001110100111110100000010010100110011000101000100101110000001101
7163	0101010010011000001101110111000110001100100100101010000101110001110011000001001101001000011010000011
9187	0000100110011010000110110010011100010010101001011010001111011011101001000011110000111001010100000111
2750	1000101101010000100111101000111011111111011000100000001111011111101010100111100011000010001101010011
5645	1010110110111111001001001100011011010101001111111011100000010111100000101011010011110100111010101010
6354	0110110000001001011000110001100110100011111100001011110011101111001110110000101010000000001000110011
3634	0101010101001011111111101001001011110101011011010001011010100100000001000111111101110010011111000110
9192	1001001000001110001110000111010000001110010100110001001111100110111000111100000001100100011100010001
8542	0000100110011011011110011000001010010011011101111100111010101001001011011100001000100111001111010011
3826	0001110000011101110100100110010000110011011110000100110011100010110010011100101000011011100101010010
2282	0010111110001010100100000010100101000001110101101111111111111100110000111110001111000001001011101111
3946	1000100100110000001110010110001101000000101010101100011010000001011110000001010000001100000100001100
7957	0001110011010101000010100010100010101010001001111011011000010100000010000101101000101100100010011011
2205	1110011000000000011001100010101000110000001010101001101101010000001000100000000010101110110010001000
7827	0010010011100101011010100101010100111011010111101001110010101010100011011010010101001101110011100111
8259	0101110100101110100000010011011110110011010101111010011000000011111101000001111001101110000110011111
4664	1011011001100101011110011011000011110010110000111100111000100001100101111111001011111110011000010000
7451	0110111101000001010011101110101111111100000110010101111011010111001001111110111001100110000010000001
6316	1010110000101001010101111010001010010000100001100101011011000100110101101110000100000110011100001101
9324	1010101100111000111000001001101101001000000101111110111010111001010010000101011101110011100101100010
612	0000011000110100110011100110110011000000111100110001110000101111111100000001000110100001110100001111
3130	1010010011100100101011111001000011100100001010111100110000010000101010101111000001100000111010111001
9454	1111101011100001011111110011001001000010110001011100110100011011111110001011001110101010100001010111
1331	0000101001100101110010000000110011010100111100101110111010100010100000110010110111000001011111101100
2021	0001101110001110100101000011011101100101100000011000100000110010001000001111011011000011100100111111
8152	0100111011110100100100111101010110001011111100010000001010001100011100110101100010101101100110000011
3795	1110010100100111000101101110010111100001110000101000100111101101010101000011101101100011001010010010
8794	1000101001100100000111100001010001000110100111100101101100001110001010000111011101000000000011000100
3367	0101101101000111000011111111111011001000111110001110010001000011001111000011110110111111111010010001
1854	1111100101101011011100010001100111001001010111111100101001101110111110110001000100101000000110101000
55	0101010010001000100010000111110000010010101110011001100000001110000010011010010001111101110000101010
880	0000001100001000000110011001011100010001101011011100111110001101000110000111101011000010101100000100
8171	1001101111100101100010110010001000001000001000011001100011111001110011100100011010001011011001010000
1663	0000110011011111110001010111100001001000100010001010100101010110110100010010110011111111011110001000
9327	1000011001100101111111010000010001001011001100010111010110110100101100110101101011010000010001110000
4127	0001000001111011011111110111110001111001011100101010010111010000101100001011000010001111011000101001
