Size = 100 
Clusters = 150 
39	47	0
45	83	93
71	64	88
27	61	81
74	68	19
80	8	48
78	58	82
48	83	3
46	44	78
52	48	39
95	91	98
97	46	80
57	28	58
31	16	72
54	42	82
96	17	20
68	20	48
36	5	36
50	97	9
72	71	98
98	7	78
44	43	6
24	26	52
97	6	45
68	45	94
68	55	27
17	11	44
6	56	21
38	96	19
55	91	60
32	55	4
44	92	59
93	13	8
85	81	99
27	15	58
18	90	75
69	9	9
69	73	14
89	76	87
96	95	35
73	92	47
15	51	61
92	94	3
13	12	16
33	8	96
89	25	35
72	28	1
57	28	71
40	66	23
16	77	31
84	25	59
41	15	41
43	93	40
65	42	35
35	11	57
20	73	6
21	43	42
86	96	80
23	18	80
2	36	69
67	32	84
81	85	28
97	91	6
11	89	75
53	28	54
11	29	45
84	2	75
43	81	49
78	25	65
57	45	3
75	33	34
48	47	19
61	18	9
50	28	88
76	59	1
47	32	25
30	90	42
66	6	38
99	64	49
47	94	94
3	92	9
77	44	45
38	89	82
51	73	6
30	73	95
63	68	9
2	26	97
79	16	80
6	79	75
67	46	35
83	15	27
1	87	24
80	78	89
22	99	84
36	8	74
92	57	42
29	68	74
21	74	5
13	37	5
92	68	24
33	89	22
55	61	0
1291	0011000110011111000111101000001110111111111101100101110000000010110100111000111011000011100000001110
1432	0111000000010010000100101011100000111100110101011010001100001010010010001000111111101000011001010011
583	1011110001001000011010001111110000111100100010001011011000111111010000110010001110111010100101001011
5789	1000000111011000101000110100100110111101001000100011001011100101110010000111100111010000111001110110
2700	1110101011010001101001101000101101111101101011110110010110000011010010010001101101110010110111100100
7144	0111111000100001011111100100101110010001100111011001010011011101000101101010100010111001001000010101
8213	0100101100010001000100000010111001101110111001001111001111111100000100011101000110111101011100010111
1482	0001101000100000010010011100000110010001110101110001111001001100100101010111111111011011110101000011
4294	0110001011000001000011100101001001111000001000000110010111000011000110011010100000001111101101000011
2510	1000000111111010111000010111000111001000011000111010110101101000110100111011010100101110010110111011
5959	0001111001101000000010011101110111100001011001010111001100011001000001100011100111111110000001110011
683	1101110111101001001100100011101101000111101010011101100101001100000111001100101110100110010101000010
5855	1010000010001011111101000010101110110010100110101110000001100010011111011011001010001100000011100111
8269	0111000000000110111101001110000101000101101110110010111110010101001110000110111100011010010100110001
2850	0100011111001111001100000001111010000010000110001000001110000001001010110100111110011010011100010111
3797	0001001011000010101000110110000000001111110101010111111110101011011101010010111110000001101111000111
4128	0011000100001000010010101101010001010011111011111110100000011110011111111010000111100010001001011000
7949	0000000000000000001101001000001010101111100010001110001010010011011101001101101010010000001010111101
5298	0101000110110010010101001110110001100010101111100100110011110111100110100000100001001011111100100111
6717	0111111111100001011011101101111111010001001111010001111100010100101110110010001100100110110011111011
7500	0110101001111101000110110010000001110101011101000100000110010110001010010100111111000111101001100000
8191	1110100000101100100011011000000010101110100000101010101100001000000010000011111111000011100001101011
446	0000110010011011101011110100011111000111101010000011101000100110111101100101011010111101001110001111
9401	0001010011100001000000001100010101010000010010001100000011000011011001010011011010110001011111110101
2804	0010011011111001101110000010010111001110101100001101010111000101101100011000010101001101110110000110
3855	1000110100100100001100010001110000100011101100100010110000110100001100111011001101010010101111000100
716	0100011100010100101100011110001000010000000010011000010110100001001100100010110011100010111101110010
8340	0101001111101010001011001011010011110000011101001110000110000111110010001011000101101100110001111001
8408	1011001111100110010101111101100001000001011100101011011001101011010001100000111001001010101110001111
5034	1011100010101010111101000111011001011100000010101111100010111110000111110001010100101100110110110011
1285	1101001101110101101010000110000001100001111010111001100000111001100011100011111111000101110011001110
4294	1110000101010110011111101111111010000001111000100000000100010000100111001010010001010010011111000001
3520	1000101110110010011101111011011110101110010000001100110011110000111010011010011000001000011010000101
6433	1100010010110101000010010110110110000100100101001101001110110111010111100100011011101000011101111100
6012	1001001110000001100101110010011100010000010110001111110010000110000010100100011110110000101110111010
2963	0000010000111010001000010010110101101110011000110100101011100011001101100011010100001110000100011101
171	0000001111100100110001001001111111001000011100010101000011011000001000110000000000010101010101011011
5789	0001010001010010001110010111000110111110110111110101010111001000111100100000001000001111001000100110
1210	1001001010011011011000100111100111010111000100011100010110101001000100101001111001010110101011111011
2130	1101010100100101011010000001000011011010100100101010010011011001011111110010110110001011010010110101
6119	1001000011110111010100110111110101001000111110111100110101000111000111010111111000100010110000011111
1621	0000011111111111100011010100111011011100010101011000011101100010110011110010000100110011011111000000
5581	0101010100001000000111001100111001110011110001011110100001001001101101000100000011100001100100100100
7409	1010010100000111001001001010101010100001100001011110011011110111101000100110100100001111110000000000
1746	1111010101100101110001010101100010110111101110001010011000100001011101010001010110110001110011110001
7150	0110111100000000000010000110011011110011011011101100100100110111001010110101000001011010111011100000
771	0100101001010011100110011010111110010111000111001111010100000000010100001101100010011001111111111001
2262	1011000000101010101010101001110011000010101001000011111011000111011001110000001000010001011111001110
880	0010010011011010010010100000001001010101000001000111110001001100111111100000000011010001000000000101
2210	0010001110001010011000010111010010110000001101001100010000101001010100100001000010111010001001111000
5328	0110111100100000111000011101000100011100001101001110100101000111111100011111000011010010111111011001
7384	0000010111010011100101001111000100011101110000001001001100100110100110101101101000001111101101100001
9246	1000100001111111110011111011100000110011111101111011010011111101010010000100010011110000101010110100
1684	1010111011100110001110011010111101010010010111110111011110010110111011010111111101101101000100000101
5304	1110101010001100000100110011010111011111011100010110111000101110010110111001010000010000000001110011
15	0011111000000011011101100011100001101001110010101000111110111001011111110101111001010000001101000101
1541	0111000000011010111101100010011101111101011010001001010001001001100010111011011111110100001110110100
9058	0000011011010001011110011111110101100110110001000001000100011010100000011000100111101001000001110110
8697	1110011011111110000101100001011100110101011000100001011001000111100101110001011000001100000110010101
4888	1110101100110001101111100001001010111100111011000110100000100010010111011010010011110010000000110001
2370	1011000010010000101011011110110111000000110000001011001100000101011010111111001001010110000100000010
2395	1100001010001010100011010000010101101110011001110101110110110110111100010010001111001011111010110011
583	1100000100000001010110100101000100110110111010001111100110110100100101100010000001100100100111000111
1853	1111100110000000010011011101111000000010011001101011111000011010000010011001000011110110110101010011
7286	1011011110000001111011001001111001010001111101111010011011101010010111000010010011000001000000111110
7475	1011010110001011011010101100100010101000100010100001010101101101111111010111010010011101110001110001
238	1001100000111000101011001011001101001110110001010100000111010000111101011101100101110101011111011101
341	0001000010010100100100010100110001100010110001000001011011100100100111000111111111011010110110011010
697	1111101011111111000100011001011001100000010010000111100011101000111111111110101000110011111110110010
2628	0001010101100011101111110010101000101100000110011001001010001111100001010101100101111100101100011111
1715	0110001000111011101011101110111011110000001111000001100011101110001011000110110000001010000110111011
8311	0110010011011010100111101101011000101011001000000001010110110011101010111001100100101111010100100010
4579	1100110100000000001111010101010001100000100000110110000110111000001010111110100011001000100011110001
5559	1111000110100111100100100111010100001001010000001111000101111100100000010011100100110001111110111000
3675	1111011001001110010011001010001001000110100011000111001111100100001011110101110010010111010101100001
948	1110100011010011000000110011000000110010100101000100010011011000101010011100000010001110011110100001
5534	0000111001001011111101110000010111111110011011010110011011111111011101011010101111111010011010011101
3906	0110100100100001100111111000111000111100101010100010111011001001000001111000011111110010101001110010
2512	1011100111010001001101111110110100111001000101111001001101100101100111110000000011000100011000110111
2261	0010011101111011010011110001011110100011110000110011110011110010010001000111001101001101010100010011
9493	1011000110010111111101101111110011001000011011100001010100010100100000100101000100110100100011000000
4308	0101110111111110110110001101000010001001110110001001001010100011000001001000100110100111000011011010
9825	1000000010101101101000011001101000101000000110010000101110101011010101011000000011110000010000000100
3794	0010110011110100000010110111000100100011100111011010000101001001110001000110010010000111101000001110
562	1100100000111100100001101001101110011001101100010110001101001111101111010011110011000011100010001010
4479	0111001110110001110010010111011101101100010011100010001100000001000110011110010001100011000111101100
3656	0110110111011000100110001110000010100101111111010010100011101001111000011110001000011100101100010100
4053	0101000111000000110100000011110110111101001101111001011110101010110000100000100001101010001001010101
3894	0011010100010001111010011011010110001111001110101110000011000001111101011010000001110000101100110010
9684	0100011101111001001001011001111110111101000000001111100000111100100001001100001011001100111111001101
2850	0111000111001100101100101000110011101111110101111001000110100110010110100000000110100000110011000101
1326	1100100111011001110110011110011101101010111110110000001100001001001111011010111111101011000011000101
5721	1011110010111101101001111011111011001010101111111001010101011000101110011111100100011101111111010001
5973	0011100010001111000110101011001011111011011101010111000000000100100011101100000110111111101000001011
7498	1000011011011111101111101111101001110110001000001110010011100010101111011000011010001110101110010111
119	1000100110101101000100010111000111110110100010100011110000110111100101111011111000000011000111000100
421	1011001110011111110101100100110011100100000010001001001110110100000000011111001111000101111001101100
4310	1010001011000100000110011100000011101101110110010111010011000100101010110101111010001001001101110000
7446	1110111110011000101100001100100111111000010010111110011111000111111001000110111011110111000110010010
5402	1011010000010110110000111011101101000010101000100011010001111110110000011111010100101011000111101101
509	0111000111111111100001011000010111011011110100111111110101001110101011010101000111100011111101011001
4597	1011001011001101000111100101100110110101011010000011100101110000111001101001100111011011101101110010
2262	1010111110100010110010011111000110101100101000011111000101001100101100101111010100100001111001001011
9073	1110010111101100100101001101011100111101100101100010001110111000011000000001111110111011000001001010
3475	0101001010011110000111101110000001111110101001111111010011101111100011111001111001001011001110111010
1563	1100011101011001110011100100101001110101111110010110100101001100110111001110111111110000111010101110
4985	0100000100111010111010011000011100001101000000000000010101101011110001110011001001001111011010101010
2046	1011010011011000110101110100110111100101111111001101110010001001001111111011000101111000011101101000
3290	1101011001010100010000110111000111110000001001101010001110010110001111011100001100000001101111010100
8131	0011001101110011101111011011000100100111001011010110100101000010111000100010100011101110011110000011
1650	0010001001110110001101000110100000001000100101001010010011101001001100011000001100001001101011111000
6364	1101000101000100101011110110011100000011001000110010111001010110111100011110111111111100010101111110
1320	0110010101101100100110110110001011011100001011101001010111010100111101001011000011001001000001000000
2698	1100000011010101001100001111000011011011100111110001110111100010011100010110011010001100001011100100
5051	0011000110100000001010111111111111010111011001100101111001110010110111010110000010100001010010100100
2612	1101001001011001001010100100100010011101110011010001110010111101101011010100101000011011001000011111
3856	0011110011110000010010111111001101000011010001000101000110001100110010000001101101000100110000101111
3175	0111000001111001101010001101110011111110010001101101100100011110110101100111000001111100100011111101
8312	1101100110100011000101000111111000000110001100011111110101100001000100101100010000111000011011001111
2404	1100100100100111010010001001011101011101000011011101000001001010111001011000110011001011100100111110
9727	0010011111110000000100101000101111010011111101001011100010011100001111001001000011110101011101000111
2525	0010000010110100100101010011101100111001001000001000000110011011010001000001011011110011010001110001
1918	1010000110010100000100011101110001101101111001001011111101001110100000111100101110010111011101000011
5661	0110010000000011101000111100010101000111000000010010010100100110001011011110100111011011010010010101
4324	0010000110100011101001110100010100101100010000000010001100111011101000111011011010111101100111101100
334	0110011101110100111011110011010100000010000101110110111100000011101101010100001000111010010111111000
9493	1000001110011010111110100101101001111111110111011100101000010011010000101010111010000010101011111111
955	1011001011101100001111110111101011011111010010010010111011110111110011100101101111001001100111001010
7797	1110000001011100000011010010010101010111000010000010110000101010010100010001011110000001001001110001
4098	1001111110000011011110110101100011111101011011001011101011101111010000111010100111001111100010111011
1516	0010000111011110100010011110001010111001010001000000101111010110011001110101011011010011001001000110
8459	0110000101111010011111010100111111011010111101010011101010010100010101101001010000111011010011101100
9887	1011101001101011001001110100110000010111010101001111111111110111000101001011111100101111001100100111
3496	0101101101110010011001001111010010010110011010011111101101000000010100000111101000100011010001101011
5932	0001011110110000000111110010111000011110001001100110001111001100111010100011110011000110111110110101
1607	0111011100100101010100011110100000101010011001100111010010001011010001001101101000010110100100001101
2574	0010100101111100110010010101101011110001100010110010100101100001101100010101000010001000101101111100
2587	0111000101010100111010110010000011000010010011101101010010000001011110111110001111001000101101000110
1183	1011010010111010100001000101010111101101111100110111110111010101000001001000000000011101001011000101
5972	1100100111010010010001110011011000010101001110010101100000100011011100110101110111101001000000100101
6206	0101001010000001110000000011010100110000101110001001010101111110010001100010110000101000011010010001
440	0111100111010001001100100101001110000010101101101000111110100001001011110000001011111110011011010101
7841	1101100100110000001011100110000011010000100001011001101001101101011101011001011010100000000000010000
9120	1101110000010101010001011010111001010010100101111111100001001001000101011000001011010110101000100011
1984	0001000110101111100010111100010011100011000001111011010000100001010100100101111011010110001001101111
478	1000011001100010100110100010111011110010110001001100101001100000100101011010111001001111010100111111
4198	0111000111110111001000110001010110011100100010111001100010011101000110111000100011111101101000001110
2262	0000000111111001001101000111101011001101110100111100101110100110011101100000110010100111010011111000
3888	1101110110110000001100011010111001010101110001111001110101110111101011001011101100000001011000100011
8166	0100011000110111010001011001101001011010101011011000010110110000011100110001111100001001010101010011
