Size = 100 
Clusters = 149 
92	18	0
48	6	10
95	75	23
91	18	20
66	41	66
51	62	0
8	74	64
82	0	44
28	89	79
43	24	86
29	40	36
13	81	60
0	98	89
50	13	4
69	23	96
57	80	77
10	91	54
55	83	12
49	25	90
34	59	67
75	32	84
61	70	83
74	52	54
38	29	0
6	85	70
78	72	36
39	56	31
46	42	14
20	38	95
81	78	68
15	43	7
61	20	3
5	96	8
66	28	99
0	72	9
7	70	4
4	37	42
32	11	10
29	76	90
96	50	93
8	28	41
20	81	34
94	21	31
85	67	43
26	84	56
57	54	12
39	32	70
34	34	94
53	86	77
36	32	93
27	32	23
86	33	72
87	68	43
41	20	52
48	99	8
63	50	62
30	19	89
6	87	70
86	54	43
82	66	50
72	99	81
74	66	73
84	32	55
13	54	73
64	66	95
56	31	17
47	47	38
33	12	2
73	79	3
30	0	35
79	50	70
59	81	62
86	60	72
52	56	31
2	77	50
10	78	54
70	39	54
82	7	88
34	58	75
51	21	98
73	64	58
54	26	26
65	33	54
0	74	56
12	34	0
13	37	83
31	2	59
86	10	61
86	35	66
4	20	9
80	82	99
1	23	58
83	85	78
52	43	15
55	47	3
52	68	29
23	11	72
27	69	47
62	11	73
69	14	1
11	47	62
94	47	0
7015	0100010011111011010000011011110001111100100010001010111010111100010001001010101010110001010111100001
4488	0110100000010010100000010010001000000100110000010011000000001010111110110100011010110000111011000001
6753	1001101101010100011101000100101010100000001100111111100110101011001110100101000100111101011101001100
9853	1110000110111010110010100101100010100111100101111111010010000100100000111101010111011000010100000001
6768	0010111001001011010010111110001111001110011101010110001100001100111000100011100110110111010111101010
42	0101010010101010101011101110010101110010000110011100110001001010111001001111001001010110001010000110
6136	0001110101000001001111001010010100001011110010100101110001101000011101011011000010000000010011110001
911	0101000110101111010010100001111111000101001000000111110011101111011110010100010100100001100101111011
5930	0111110100000011001010000111011110001001001000001100111101110100011000100001010101111110100111111010
612	1010011001101111001110011001111001111110000011101001010010111101111010101100000010010010000101010010
5229	0010101000000111110000000001101000011110101111110110010011001101010110010011100111100010100110000010
7564	1110110001101111001011100000001010010100100010000001111010101110000100001011000011011110100110010010
1169	1001001111011010110010000001011001110000111101001011011110101111100000001001011110010000101001011100
7459	0100111110011010101110001110011110010111110001001000010001001001101010010010100001100110010111000010
193	1101000110001110100000000100110111011111000110100011010111001101110101000100011011100010010101101000
2383	1101111100001010001011101011011110101000001100010000010101111110001001101110110001100000100010001011
2129	1110101011011011110001101111010101010111001111100010001010000000000000010000100111000111110110100110
3651	0010000110100000111111101100101010011010000011100000111100111010110100000001001011011000111111001000
2462	1011111011111010000001101111000010111010110111010000000111101000000000100010111000111101000011100111
1504	0001011101011011010100111111010110000101001111010000110110101010011101110000001000001000001101101111
6063	0000010010010111110100010100101010110000100111110110100000100110100101101001101001111010010000000011
4431	0101000010100111010011100000011110101011110111101010001100010110010100001010110001011110111000011110
5760	0100000110010101010100000110100111110101101110000110010101010010011000011101011001111010001001110101
8189	1110101110100110100101011000101000110000010010100101100101011001100100101111000010111010001000001110
230	0011111100000000011101000000001100011110001101001000101011011111110110100110010110000101001100001001
9930	1111111010010011010010010101001011001001011011011001010000010000000000010010100010000001010001000100
6920	0001000000000100001010001011101111110001010011010100110101011010101111100011111110101110100011001001
6489	0111001111100000101100111001010110111100100000111111110101001111101010101111101101110110110010111101
5475	0111011001110100001010001101101011010111100111100000110000011110110110101110001101000111110001101111
703	1111101000111000101001010000111010100100110110101101101011111011001001101000011001010101001100110001
4862	0100001001000011011100010100101010011100010000000111110010101101001000001011111100111111001100100000
148	0001001000001101001111010011010100100011000011100000010110111101101110100000001011101101111100010100
8149	0010011100011101011101011010100110000111100011001001000111000110100101010111010000001010011000111100
1382	0110011101011010010011001010010010011010010010100001001011001001111000010011010000110011010001101000
6679	0111101111111111101101100111010110000000101101000011101010001010001111001100100010010110011111111011
379	0000101100011111010111111011001000010011110110101000100100100011001100011010010010111111000100010011
1631	0001011010101000101011101100010101110111100111111100111010111000100000100010011110001100011110110001
7400	1100011001100101011101010011110001000101111101100101001110110101111001110010001011001000001000001110
5000	0011000011111011100100110101010100101000010011001011100000011111100000110111000100111001001010111010
6753	0000101101011001000110001101011110011110010010011000101110010100110000111010010100010110111001111010
8031	1010000001110101100001010101001011001000101101011011001101001011101100101000101100000000110010011010
1140	1000010100111110101111010011011011100011110100100010110000010010101111001000100010111101000111000101
3881	1011011100101000100001100010101011011001000001010011011111010110001011010011110100110011100011111001
190	1011110101110011000011001101110010010011000011010010111100010010101110011110010110101001011011100111
1763	1111100001101110000110100010011001000001101010011101100000001010000111110110111011111001100010110110
322	0011011101000010010001000111010001011000100100111111011101100001001000101100000011111110111011011111
2044	1101000000101011010010110001010000101001100100000000100000100111111000101100000000110100101101100100
1221	0000101000000100111111010001100001100100001010100001101010001100100100000001111111110111110110111001
650	0110001001101010110001101010101000001001110111101111010010000011001110100111100110110111100001111010
3911	1100001011011011011111010100010101010001111101101111100101001101010010010101011101011110100001011101
8830	1010110010000010010111011111000000110110111001101100010000010100011000111010111100001100010011111110
2076	0010100000011101001001001000100110110111100101111100011110111010111110100010000000110001110100100010
4569	0000100010010010100011011101000101001110101101100011001011001000000001100101011110001100011101110100
2026	1110110101110101010100101111000001100001010100000000000110110000111011011111100101011111010110110110
623	1001000000100000001000001000010001011000100111101000100010111000110001010100010100000010110101101011
5559	0100000111111011000010010000010010110110101111110010110010100000010010100010010111101100011100000001
1135	1110101111101110011110001001100111000011100111011101000110111010110010100100101101100011001101000011
5926	1001100000000010110000110001100111110000101101100100101110110000000110001111101100100100011111001001
1583	1000000011011100110101100001010010111000111100111100000010100011100111010100000111111101001001010110
5637	1010000001010011100110000110011010001010101001000001101101011001011100010011011101011101101100101100
5210	0011010011011010010001001110101101100000101011110101001100011010000100001001111010010111110101111101
7776	0010001010001001101010010110101110010110111110101000000101100001101110111011111101110110101001010010
3513	0011001110011111110010111000100000011010001100110000101100101001110001101000001110110010001001001001
2959	1000100010111111100010001000110000101010111100100010101111111110101110010100001101100000111001011111
3259	1111110000100110110000011100111011000101000101010000100111101011001100011011110100010110010000100100
7963	1100011110110100100011011101100001000110001011101011000000001110111011011010100100110100111000110010
5925	1011100001011110010000000101000000100001011010001010011010110110101101000110000010110000010000000100
3790	1001000000010011010110010110001101011001001111111011000010001011100011110001100111101000010100101110
6119	0101110001001111100011101000001110111001100110010101010111011010101000010110110011100011011000100010
4121	0011110001000101110111111001010100100110100111111000100101001110110011011011101010101110000000000000
1287	0101010000100101011110110010111001110000110101111000000101000000100001011000010111000001111000101111
5596	0011101000100001110100001000011010011011101111110110100111000010011000000101110011010001100001101100
7823	0010011100110100110000000100111010001010011011010111001111000011101100000111110111010111110000011010
2869	1101100100111100010101010101011000001000011100000000101110001011100100110010111001101110011110001000
8525	1101010001110000000000100110001010000110100100101011000110100010111011010111000011100001110011100010
9725	1111010010011011111110110010111000010110100100100101001110011110110101010001110111010101100011011100
1265	0000011110010010011111101110000011010001100000100010010000110110000011010100100110111111111101011010
3039	1000011110111010001101101000100000110010010010001110100110010011101000110010000010000000100011100110
6057	1101101100101100010110100101101001111010110100000010010101111100000101101010000011100101101110101101
4143	1100010010001100101011101001110000110001101000011000110001111110010100000110001010101111110001110000
8976	1010000000010111101111110110110001010110011000000111111011101000111000011001111100111010100100110110
166	0111111110000111011011011110001111100110000000100011000011011100000110001000100010000000101101000000
42	0101010110101011100010010100011111000011010111111001111010000000000101010011011011011110001110011111
4351	0100000000011010111000001000011110011010010111011011110110100110011100000111010110100100101000111111
2385	1100100101011000101110000101100001000111101010011011111111010010110010001110101101000101000011001111
2092	0110011101111010111001100101011010111110010000110100110001010101111010101011010100101110001111111100
9314	0010001000011001111010001110011001011011101011000011100100111111000111000110110111010100110000001101
2061	1100010000111000110010010110110010100100110100111101100111110000001011010110011011110000001011010010
6951	1111001000000000100011000101010000010110101111000000011001000001110111100100110010111011111001100010
4534	0001101010010110000010100000110011111111110000111111101011111000001001001001101011010110011110011000
4163	1100011110001111000001111101101011000111110111111000001010111001000001100101011100101110011110000011
371	0101110011110000011001000010010011000011100110110000010100101000100011011000110011101010110001111000
1441	1101000101111010100101010001110011010010111001101000010100111111101110111100001110000101000001111011
5075	1110011000000100110101100111100100011100001100110000010100011010111101100100111111011101010111001110
3867	1010101000101001011100101010000000101000011110101011000110111111110101010100000001101111000111100001
6081	1100110100101001110110101000100111011000101100000011111101101001111001111010101001010110100111010101
2577	1100111111110000100111001000001011010011000000010000100111001111111111100001011110100001110100011010
8607	1001111010110001100110111101011110000110001001001001111001111010100011111100111111000000101110001011
737	1100110110110100010000101111010100111111000100001101001110011100101110100110001100100000010101010000
9612	0010110010100101011001111011100001100001010100010010001010100110011100011001000011101111111011100111
2272	1101101110001100101110010101111011100101010001111011100100000001001000100110110100010000111111111101
1431	0010010100111101101010100100000111000010010111111101010010011001110110110100011000011000101100001100
5407	0000010100001110011011110001001000010111111101000000101101000010111110011001001101010010100000010101
4840	0001111011011100001010110101101111110101100011001100011010110110101110100011110111001101011000111011
9281	0100010001110011000001101001111100000011100101100010100111010000100000100111011100100110010011101100
4111	1010101010011010011100110001010111110110001100100111100001000001001111111001111000011000100100001110
7474	1111101111101101001001110110101010011100100011110001000000000000111111111100001001011001011010001001
834	0100101100001001001100011100000001000101001110000110111010000100100011100101001001011101010001010111
5715	0000101011001001111011000010101011010000110111011100101111110011010000110100110100011110011100000011
6786	0101111100111111011101111111101011101110010110110111000100101011101100111001110011110001110011101000
4336	1100010110111111000100110000000101010010010001100100110011001110110011110100101010111111110100100010
4163	0000101001000100100001001100100110110111101001000000010000111100110000010000001011010000100000011001
9177	0011011000111011100000110100101100001101100110001000011101111100000001010000000110010100110110110000
3929	1111111110010000010010001100000001001101101000010010010101101110101000101011101011001011110101010100
4665	1000000000010001100111010011110111111011110100100000010000100010001100001111010010111100010010010110
786	1100101001101110010110111110101111000011000111000011000010111101100000000111000100100100101101000101
3278	0100100001101110001000000001010010000100010011000000010101010001111110011001010111011100000011101111
1184	1100100101011000111101010110001101001010101001110110000110110100111111111111011100101100001010011000
8289	0010111101110011000000001110011001101000101110100011111110011111001101111000010010100000001001110000
1753	0101100101010111110101010000010011110001110000010001010011010100001100111000011100111000011110110011
4341	1101000100111001100101011100110011111001101011010001100011010001100010000000101001010101010010000101
3124	0100111101000110011000110001011000111000001110001110010101011001011001010110100111001101001001100110
2748	0101010110101110001011011100101001010111111001000011000111110011001111011011001101100010001110000101
1898	0101101110011101000000111110011110001100001110001000001111001100000101001101100101010100000010011001
6623	1010111010101111001111100101100010111001110011000010011010010100010010001000001100101011101100010010
2721	1010101100011111010110000100000111110000110000000111001001010011101110010001100000011001101100111001
2154	1100000101100110011111011100100111010101110111111110001100011011111100001110000100000111100000111100
34	1110010001001001001001100011110111010100000010110000101000111010001111100101101111100000010100000111
8321	1110010000101100000110100011101011010000001101001001001001011111100001001100110001100001000010000001
3659	1100000100010010011111101101000101110001100111001000110100111001100011001011101011110001111111101000
3076	0001101010011000100011000010000110100001001010111101100000011110100001100010100001101101011001011010
8766	1111001001000110100000010010101110001101101111001010110010011011000110101011010001011000101000001010
6660	1000000100101110001010001101011100111011001010101011111000110001110110001010000100010110100011110000
8442	0001111011000100011010100110110101000010000101011101111101011001010000010111111001000111000001000100
8791	0110100001101111110101010110001000001001001011111101111101000011110011110111110010101101101000111101
7965	1000011100010001010010110110000100101110001101111011011010010100010010111101110111010101101000101101
7293	0101110011011010000110101100100011010100101010001100011000011100110000101111011011110011111001110010
7451	0011001000011100100010010011111011110010000010100101011000110011101100001100001101011110111100110100
1985	1110101001001011011001100100000011000010000011110000010001010110101100010110110011110000101010110011
2342	0101100011110111011110101101011111101101101001001101101011011111011111000110111001100000011100011101
2287	1111110010010110101000110110011011110111011001111000101001011101100110010101011001100101100010100010
2324	0101110100111010000001100100110011011101100101011000000011110010110100110001111011001111101011100011
1705	1010100000011100000111100100101101011010111001000101110100101001100100110111011111100010100001010010
2075	1011100101101010010111110111110110001100100111010010001111000100101011100111100111001010001010011010
8080	0000011001011001111010101101111011010110000000110010100011010110001001001010000000101010011111011011
9912	1010011101001010000011111000111111001101000001001111100000011100011111100010101001010010110100110010
9747	0101001101011110110000110111101111111010111000001011101011010101111010001011010010101001111111001110
3533	0010111111010101101101010110111101001000000001001111001100011100010000100001010011000000101000111001
2153	0000011011111001010000010010000001110111110010110001010111100001100100000111001011101011000000101011
