Size = 100 
Clusters = 199 
34	87	0
49	19	45
78	80	29
0	8	71
34	64	53
91	32	52
78	41	48
0	69	98
13	49	7
96	3	79
62	0	61
98	91	27
18	37	9
83	12	72
8	39	30
22	45	82
96	47	50
66	84	40
24	65	48
73	3	10
75	63	7
73	12	65
1	83	57
17	81	80
10	67	21
5	82	13
97	4	64
34	69	58
9	30	92
55	3	40
14	61	3
94	61	92
79	50	34
50	74	14
8	12	63
50	61	3
39	26	52
87	12	37
29	90	32
1	68	25
91	92	21
19	65	72
24	83	63
5	7	61
54	48	41
56	18	5
54	45	23
15	6	28
79	46	48
84	84	75
21	4	61
38	42	70
69	10	91
90	87	19
98	45	84
32	95	1
41	61	34
27	11	0
60	12	81
60	7	19
0	97	68
85	28	29
45	59	64
39	87	63
58	94	67
97	36	22
49	48	10
17	21	70
60	31	76
75	13	30
82	55	13
75	54	18
97	7	69
97	75	7
79	36	41
63	37	79
72	57	35
44	27	62
88	33	68
51	23	45
55	89	11
63	85	2
13	27	97
89	13	54
99	0	80
64	52	51
64	30	33
38	99	24
23	58	75
0	12	60
1	47	3
49	59	17
95	6	26
89	3	89
20	83	84
51	86	17
86	38	49
6	55	89
6	88	65
42	89	28
6	25	67
67	8	0
1161	0010111000100100100010011110000110100001001011110110100000101100000101010001110110110101011011000101
5486	0101000111010010100011010101011001110100110100011001011101000011011000010111001000110100101001000000
7080	1000001010001101001111110001110101001011011010110110010000011010001100010011010100101101000111110101
7347	0110000101101100111001110111010100111100000100010000010111011000000000001000011010100110101001001101
1171	1111111010011000101010110111111001000000001010100010011000111000111111011110100010001110010010010011
1864	0101001011001111101001011001100100011011010100111010111101011110111001000010001111100111001001010111
6549	0101011111010001101110100100011000100111100001001000101101110000000100101010100101110100111100011111
3344	0101110010000100000111010110100110000000010100100010110100011111101101111101000110110100111111000101
9062	1111010110001010010010110001111110010011001111111001010111000100101001010111001111010010011011111010
9867	1000101010100111111110010101110101100101000000100100101001011110100110001110110011100110101011010100
5227	1010010001100001111111101011111000101110010111010111011110010110001001111001111010110111100111111010
4465	1011001110111010010001010111010001000101001000100010000010001001001111010100101101111001010011111011
2741	1011110111001001111001010001001010101100000111010000001011101001101000111111100001101111000011100000
5244	0100111001001101101000111011100000011101110010110010000001111011001100110111011000011010011100000010
573	0111000011110110100101011001110001100100011001100110100001001111000101001011110101000010110011101011
6675	1101000010001100110111110100110110110110011000100000000101101010000110111101000011110101000000100101
4176	1010100000111101111010110010111100110100100001100011110100001011011110101001010000101110101001000010
3675	0110100010011101101001001101001010111001000100110001100110010010000100001010110001110010100000011110
1366	1011011000001010001111001011101101010011010110001000000011111100000000011011001011010110101101111110
5963	1111001001000010110110011111001111001011101100011000001011001111100111000101000110011101110111011011
220	1000100111110100011110010000000101100010011000011101000101001000000101000011011111010001100010110011
7595	0101010000111000110001010011011011101110100110100011101010111000101100111111100111110000001000110011
6079	0111001000010110011111001010011010100111010000011010111010010010111000001000111011100101111111100010
9899	1101011110110010110110111011110101000011001101010000101110111000010100110010101001111101101010011010
451	0011001010110111111011101000110000100110101011100101011101011101101101010001110011100011010111110011
3092	1101110100001001101011100000111001010011011101101001001001110000010000011000111000010011111011111001
563	1111001011000000101000111100111011100100000101101001100011101001111001011010111000100101001100111001
5589	0110101000011100010000100011110101100111000010000100111000111001010010010110111110101110011111000010
1389	1001001001101101110011000011001011001001011000001101011010011000010000001000010100011000101011011101
236	1011111110011111101001011110001011100110010001010110000100110001111101101001101110000000010110001111
2193	1100011001100101100111110001000100001001000001111011111110110010001010111110101000010000100101011001
7535	1100001110110101111111001111010000111010100100001000000110110100100001110011101000111101011011101011
6670	0110110101110010101000011111110000111001100100000000111001100000011001101101011110100110010101100001
3603	1011111000111100100001110100010111011000100110000111000011101011011011011100011000100110001100001110
8483	0100111110001110011101110011001111111001001001101111000010011011110011010001101001111011000111111110
7960	1010110101100011000101001100011001000001101010110110111000010010111000001000100100010111100000111110
8530	1100010111011000001111001001010110101011001111100101101101001000111011010010111110001011101100101110
6813	0111011000010111101000010111001011111000000100010001010110010011001001010000011101111010101010010100
5791	0100101101111110101000000011001111001111010011000101101110111110011110110001100011110010001011111010
6313	0010010001110100110101000010101111100011011101001100011010011100011000001011001000111010111000010100
1861	0111010011011010010001001110010001001010000111101110110101100111101101001001010010101011101010001011
3557	0101110100111111011111000101011010101001110010011000010100011100011100000001011001011110100100100001
7196	0110011011001110110101100110100001111011010000111101101011101011110110101000011010100001000000001011
6511	0111000101101000010101000110000001110101010000011110111111011100101110010101111001101010110101001001
5144	1010000110001001011111110011010101000011100011000010001000001111000101100000000001110111100011011100
8287	0110001010110101101000100101110111000000011010100010001000101001101111010001000000111001001111000100
7318	0100110001111000000100011110011110000011100000101111000110010101101111101110000110101100111011101000
9415	1010111111000000001100010000100101010000001111100101111011001000001011001110000101111110101011111111
561	0111010011111011111000011001101000100010000001000001110001111010000010001000100000111110000001100110
5678	0111001100000011001100010010010100011010100110100000101000011000011010111001010001100010100111011101
1013	0011100000010010010011111100111110111000010110101011000100011010111011111111100001111101011010000011
4474	0001001001110011001011110110110100100011000011011101111011100100011001111001111101111100001110010100
385	1111100000111110000000010010011000100011010010101100100010100101111011110010101010011001111001001110
7111	0011001000000001101101000110001001100000010011110001001001111100010000010000000000111000000100100101
5403	0010000000101000010010001101100000111001111000010010000000101001101011110101110000000000001110100100
1419	1100111001100101101111000110010101010101010011110010111010010011101011111011101000001000001010100011
6411	1101101010110010001111101101000111100101011000010010100110000011110010100001100101001001110001101111
8821	0111101000010000110001101011010010010101011111001100010000110010100011001000001001100000100011001001
8796	0111001110000011110100110011001010011101000000000001111100101011000000101011101101010111000101001010
1022	0011001100111100111010101010111010101011100011001010001010100010011110001101000010100000001011101101
5667	1001100101111001010111011111101100110111011111011100011100010010100101101000001001111101110101000000
3807	1010000110011101100011001111001111001011010100110001101011100101011001001101110100111000000111000101
9794	0000111011111001100110010110100010101010001101000100000111110101000110000011010100100000000011011110
2875	0001000110010000001100110101000000001101000001110110101000001010101010101101001001011011101111000111
9013	0010010000100010110101111010000010110111111111000001100001001101010100100001000100001101111110100001
3830	0000111011000101100010001001011101001100000011011000010001011111101101111011011110001010101101001010
2449	1001011001010010001010010111100100101010101110010111111000000101111110101111111001110110010100110101
7667	1110000011011000111001100001000100000101000110101010011010000101000011111110101101001111100101110110
56	0101100011100110001010100000110101110000000101001000111110111110001110110011000000010111000111100111
1474	1111111001110011110000001101010011110101111010110011100001101010011011110011111001100011001000111001
9704	0011100100100101100110000111101101111010110110001001011100011010010100110001000100110010111101101101
6834	0100000011000110011000010100000000101101010100100010001111101011100001001101011001110011000000011100
9553	1101110111110011111000001100011101001100000100111011111111010101101000010110100101101000000101110111
7328	0111010101000110000001100110001010000000100010001000010001010101010101110000000111101000100000000001
9112	0101101101011101101010100010111110010100101000001000101110101111000000111111000010110001011001111010
1525	0101100010100100011111110010111100111000110110101111100111101010000100110111100011000010110111010011
1228	1100001000101110011100101011100111010110010111111000110111000111011010010101110000010111010001011010
3956	0000111010100110111111000100010010110110011010011000101001010000111010000000111011011001110111010101
7705	0111001000111001001000010101111100111111000111111010101100100100110110101000001101101111110001110111
4381	0100010110011111110111111011000100101101110110010100011011000000110010110100000001101111110110001001
3080	0000011100011011100100011001010001111000011100011001111110110101111100111110011001111011000100110100
5764	0100011101111111000000101111101001101101010001000001000000100111110001111001011110110111010000000101
2763	1000011000011011101110101111000100101100100001000001011101100111011000110010000111000000110111100111
6516	1001101110000110101111100011000110111011000011000101110010000100000001001000001100101010100011010110
1201	0111000100010110011100101011001011001100011001010100011101110001010000001000110000000011011011010001
6840	0001110001110000110111000101001001001000010110100011001011011110101010110110111110100101010001000100
5194	0111011010010000011111111110011010010111101101111011000010100101000110010010001001111111001011100011
2126	0001101100110010000110011111010101111101000011001101011001011101011110010110011110011100110001100010
6788	1100001001110000011000101110000011110110000010101100011011100010001011101111110001011100000001111010
796	0111000000000110100110000010001101001111101011001011000110011001011000000101001001001110010111001001
9686	1100111111000111111110010110000011000100011010000001110110001001111110010011110100111010101000001010
6515	0110100101111100010010101001010100111100000100101000000011111101100010101001110011011111101101010110
6110	0111000001111010110011000010100101001110000001001101111100011011000100011011000010010110011110101001
1048	1001011100000100010101101110100011000100110000000010101110001111001001000011000100100011010111000011
1089	0100000101100011100011101100001011100111011010100110111000101111011010010100000010111100110101011011
4861	0001010001101000011010101000101101110100010111001110110010001001101111110001010100011100101000010110
3254	0110000110111100111011011001000000001100101100100010110010001011110101000000100110011001101101010010
2593	0101111111100011111111001001000001010101110000001011011011100100110011100111011101101000101110010000
1033	0000111011101101000101000100110110000000110110101010101101010101110101111001101011000110101100000001
9212	1000001100100110011110001010010110011001000001101010001111001011111000000110101000110001110010111111
2892	0010111110000011000001101110000110010011111111000000101001110111000010001111101001011110001110100011
961	1000110101000110110111111011110110100110101100100011110111001100001101010110101010100000000000111110
1640	0010001000010101001000011111000000010101100011101111111010001001000001100111011011110100011010101111
610	1001100110111111100011111100100100010110000000000001011110011101100011001100001000000110011101101010
4145	0010100110111010000110101010010110110010010100100010111011011010000011110110000011001011110010111011
1716	0010001100001100001111001110000000010111110010110000100001111101110101110111111000001001010010101111
329	0001011101101101111100010010000100001001001100000010100100110000100010110110111111010000010001001111
2987	0000010110100000110000011010010001001110010100101001000011101110100111010101111101000110001101000101
8328	1111000100000110011101000101000010010011000000010000001101010100111100100101111001001100110010110001
1108	1100110001110101101100011010010111011010111000101111111111110011011101110110000011110001101100011101
9022	0100010010001011100000111110101000110100101111010110101010001111001001000111011101010000110001000101
2107	0101100010101010010010010110111111111000111101100001110001000000000100011111101111111101011110000000
1644	0010101010111010100001110100000000100010011101100010110001100001110111000010100110110100001000101101
8470	1000011110100000000100001101101101100011100011111111000001010001101001010010010010011000011010010111
4847	1001110010111000110001110001110110101010001010010000101110110101111111001101111111100000010100110011
1727	1001101111100000010001111110001010101000111000010010101101111010110000010011101100100010101110101100
7316	1001100001010110110001011010111100111010011000111011011111000000101001000110001100001100100011000111
9270	0111011100000010011011110001001110010010100110010000101011000101000011011110101100010010100011010000
5941	0110100011100111011100100000100110101110011001010110101011000111011000001001001100101100001101010010
7276	1010010001001101001000011001011101010100100111011110100011101101011000101110000111000110011111100100
357	1100010000010010100111111110100100111101100000001100000100000011000101111100100111110001111000010000
6816	1100110101010010100000101011110100111001100111111000010111110011010001111000111101000111001100011011
2376	0011001010000001000000000110111110110010110001001000000111101100111001110011010101110100100101000101
3292	1110001101011100110101100101111101011001100101000001000001011111101011000000101100010111111001110101
8406	0101100001000010111010011000001100011010000101100101101001001101110111000011100110111000101101111010
736	1101101111110011111000011010000010001110101000100000000010111110100001111100001101110110010111101001
9653	1000100001100011111111010100011000011111110000110001011011110001011011010100001000100111000101000111
8267	0011010101111110100101001000101000010111010100101100000110100001111101011110101000100001111111011011
9689	0101011111111001101000100101110110110011110011011111000000101000010001110011000000001101011010000000
6380	1001110000100001000010000010011110110110001111110000011001001100100101001100110100001111000101011000
2483	0110011011011101101001100101001100100101110110011111010111100001100000011110001110000000100110001011
9132	0001100101010111111001001010001010010001101010101011001100100111100111100100010001100110000101111101
7495	1010110010100101010111010101100000100111100011111110000111100110100001100001100010100011110100010101
5136	1010010001100110001100001110110101111110111110010001110001000111010000101001110000111010111100000100
919	0001101111100001000101001101100100011010000100000111111101001001110011111001100010100101110000110001
3520	0000100001110010011010101111001101110111001010001000111000100110011110100001000100001001001110110001
5644	0111101001111001000000011010000010100011101011011111101001010011111011011111011110011111011110111001
4554	0001101100100110111001100111011010011110011100100010110110000101001001110001010111100100011100001010
2550	1000101000110111000100010000100110111000101100101001001110011100010111011110100010110110100011010000
8169	1011101111010001100001101001111111111101110011000111101000101000001111101010101000100000100011000010
8789	1111101111001011110000010011101001110010110010101000011101111110100111110110101010000110000010100101
6742	1010101110100101001001000110000101100010000001000110100000011000101011000100111000011110001101100101
2827	0010010111110001101111011011001101010110010100011010101111100111010110011011110111000001110010111010
539	0100001001100100111000001000000101110011110100110110100010000110100110001011010010011010111010001010
1399	0011011101000001011111000000100101101111111111110011011100101011000011010001110010111010000101101001
2236	0101110101100111010001000011011111000101011100010111110110101011010000100011110101001001100100100111
1690	1010110010000011100010011111100111111011111100001110010111000100001000110000101111100000001001111001
8004	1101100001000011001111010001100101000010001001110000000001101011110101011101100110010001001001000011
2226	0010101101001110100010010001101010001011000011100100011011010001000101010101001001011110110100000011
3336	1000011000111000010010011001111110000110001010110101010110110001000000101100010110101111101111000000
8563	1111101111111001000111001011110101101001101110110101110001000100011011100110010101010010001100010010
7838	1110000111001001100001101100000110110000010010111010011111100000110101101111110111110010101111001111
2821	0101000110011101011101000100011100000110100110111101111111010111001111010011100010100000001110100110
282	1000101001000101001111001100101111000100011000010001010011100101000001111011010100010110100100101010
8362	0011111001111011110110100011011001100001101011010100111001101010101000100100010111011001100101010011
9137	1101110101101100000010001000110011110101111101110111010111100011010000111100100111110001111000010000
7091	1111001000000010001100111001101111001010111100101111100001101101100101011101010111011111011111111001
9166	0100111011111001110110001010001101000001111111001111111000000111100001001101111110010110001100010101
9494	0110001010001011010011000101100110010010100011001001111100110101101001110000000101010011110010010101
4206	0111011100010010111011111111010011000100110001010000001100111001111111001010000011000101110000001011
2773	0111010101000101111001000011110100111100110100110111110111101000010010101111010110111101011011111001
4511	0001101100110110011000100100001010111001010010010111101001111000010110001100110011110010111111100011
1864	0100100010110000011101100110000000011001100111001100010101001100001110011000000010010011011101110001
4985	1000111111010101101000000100101000110101111111011000010111100110001110010000011010010111011110111110
2097	1010000001111001001110010000000101011000001000100101000011000010000010111011101110110101110111101101
7543	1000110111010000011110110011000101110010010111011100111010110101001001111101001100001110101111101011
3902	0001001111010001101100101010100011011001111111100101100111101011001100110110001000100000111010000011
8854	1001000100100110100110110001101101101010011111011010001001001110011101011001010101010000011110001110
2683	0101011100101001101000010011111101010000110010010101010000110100111001110010111010000000010010100001
2041	0100101110110000101000010000001001010110011110110001001011000011001100010000010101010000011011011111
2600	0000100011001001101100000101001100010010110100001100011000110100010111010010110001100110100101111101
9831	0100100100110000100000110000011110000100101110101100110010101100011101111010011001111001000111010110
1035	1010110110101111111100011001010111110011001100001110001001101100101101011010110101110011001010010001
915	1001110011001001100000111101111010010010010001000100011001100001010001000101110010100011010010111000
9418	0110001110000100010101011000001001110000101101111011011011000110111000100000010000010011001000011110
2260	0000001011011001111010101000101011110001100110010001010111110101111010100001100110100110000000000101
3344	0101110001001101000011100011111000100010100101010000110100110010001011110100000001000100010001101111
2797	1011010110111110100110111001111111110101101111110010011001000011011110000001111111101110111011000100
4531	1110011111001010001011001111010111010001110011100101100101111000110001100011010111101001001111100100
2572	0101101011100010011000110010001000010100011111111010010001101111011000110011011111111000100101101101
4434	1100101001100101011010100011111111100000010010101111111011110001110001100010111011100110100101100001
9958	0011101001000000000101101111001000110000110011000101011011001101111000001110011011001011011110111100
3789	0010111110011010011000101101111001111001001010000001011001100101001000111110011111100100111100010110
9418	1001011101111001100001000010001111011010001100011100011010010001101010110011100110111011011011110000
4045	1001000011111010100000001101011000101100000101001000000001111100011111100011011010101100011110000001
193	0110100010000010110010000001101111100010010001000000000110111010001100001001011011010010010101011010
7029	0000011101100110111101010111010110001001110110000110010010010010110100100101101100000111110110111100
91	1110111111111100001001111100111010110011110000110000110101000101000010010010101000001011000011001010
4476	0010100011101111010000001110100111000011101111110110101001111111011011011010111111000100110011100001
9083	1000101000110010010100010001100111010000100010111000010111110110000111011010011111010100001000011101
4429	0010101100101001001011011000101100110010111000110000110010101100100110110010011111001100101100010111
6734	1110011111000010111000100011100110010000000111110110110001110000100110001111001010010001011000000101
1123	0011010100010011110011110101001100101001000011001000100010110100101111001010100100000011111001111100
1905	1100000110100010010000111011101110011000110000011111100000100111100111110110111011011100001110001011
6591	0010110010000100110011100111111011101011100111000111100100010010110000011101101111110001011111011001
2589	1000011110011011000111010011000011011000001111001010011011001000111000010000000100011101101100100001
3778	1100111001110010000000011001101010111001011100101000011110010111000011010110010011001000001100101110
5407	0110100011001000100000110001101110100100000000110010000000110000001010100011011011011000111101000111
7380	0000100001101110000111110010100100001010101010111010110000101010001001110111110010010100110110111011
