Size = 100 
Clusters = 197 
57	62	0
53	88	97
68	99	18
77	90	11
59	28	26
27	92	43
70	78	34
97	64	49
91	62	73
72	88	76
66	16	40
9	84	67
35	57	61
78	53	81
67	80	92
76	23	78
83	14	75
97	16	15
95	95	0
58	79	32
59	36	95
38	88	86
13	19	5
14	83	3
82	9	63
62	86	96
46	95	71
48	38	91
62	72	38
46	91	22
69	41	60
51	15	33
23	51	57
36	86	47
46	23	93
16	39	20
9	74	39
39	63	79
28	30	78
96	82	17
4	80	56
38	36	1
29	65	96
18	28	26
70	65	32
43	42	92
91	5	96
29	43	79
69	88	80
38	95	24
46	29	2
89	4	22
62	33	34
72	57	9
41	64	94
60	87	24
69	90	24
2	85	34
81	36	50
0	29	19
61	74	53
44	13	58
14	30	4
54	76	25
50	7	84
91	91	56
23	60	17
49	98	26
46	1	78
29	72	53
1	98	95
11	2	65
36	99	70
59	37	91
18	28	35
43	12	37
75	32	66
61	99	11
0	67	71
84	14	38
95	60	27
12	44	71
56	67	74
77	47	89
11	5	41
12	96	17
92	44	80
94	76	21
99	88	41
32	33	18
46	60	8
43	72	74
25	53	68
99	76	71
44	36	11
63	40	72
41	2	13
25	47	88
64	45	35
34	47	84
18	42	64
19	70	0
7979	0010000101101110101000100101000000110010000101111110101010011111001000101111011111000101110110010101
8750	0110011000000011010110111111000110111011101000101111011001101111101101101111010001101111101000000111
566	0110111011000110001111011101111111110100101000100101001100000011111101000010101011111010110111000010
5898	0011000101000101011010110101111111011011011101010000101100110011001011111010100011111110000011111111
6725	0110000011101001110100000001101001000000001001111101110111011101101001101100101010101110111000001111
2279	0001110101100110100111110010100111010111001110001100010001101000010111000010011101101101000100011111
5102	1000011010011000000110010101101110001101000100110000001000011101000011000110110101100010011100110010
4910	1110001000010111010000110001011101001010000001010110101110011000010001000011111101010110010110001011
1932	0010000110011110101011101011000111111111011110000000100011011110001000000011110000001010111000001000
7828	1011101010010110100001010110111100111011000001111000001110110101110010001111110100010010111011101111
7941	0110001111000110001111110100110010101001010001110100111100010100010100101011110111111010000000111101
7558	0001000101101110000011011111001000101001001000011001011101100010111000010100010000000010010101000101
7355	0110000000100110011111000101010000101111110001110111111011011010011101000000101001110111110001001001
7847	1111110011011000100010100100001010000110011011011110110001100111111001001101110110011001101110100111
6350	1011011000100100101011101100111001101100111100101101010101110100000001010100111000010011010110110111
1598	1010001010111010010110101110001011111111110100110011010000010100111000011111000010101101001110111000
5526	1000101011011011011100111001001000011101011001100010011110101111111011000000000010100011110011000010
7705	0011001011111100111011110101110011110000100110010111111110010011101101000011000101110100101100110010
915	0010101101010100010111101011111001101011101111111101101110001010110111100100011011001101001000010101
9546	0110011000101010101001111010001100011010001000000000010000101011011001010110101101010111111100000010
3464	1111110011011000001101010011000100101101000100110010110010000100100111101111100001000011010101101010
7089	0000110111001110101100000000110100101001101010110000110011010001111000101110111110110000000100110010
188	1100010101010000110010100100001111000011101010101110111100000010011010111100111010000010111111111000
2722	0100001110011010111110000111000110000000001110000010000111000001110110001001111110000001101010001010
9183	1100001100001111011100000001000000100010110001101100101000101010000110011010010111111010011001110110
3415	1100110100111000001000010000001001110101111100111001100100100100011000100101111000101111000101011001
9697	0011100110010011010101100101011100000001000101010010001100111000111110111100001001010100111111101010
5357	1111001001010100001000100011101101110001100100100110111010011011010000111111111010101111111110110101
4517	0100111110011000011001001101110010000111010000001000111001001011110111111010101001101010111101111101
5835	1010000100011111101010000101011100111111001010011100111110010101001101001111001110110110010000111111
3295	1101010010001101010110101010101011101110101000110100101010100001101011001001011110011100000000100000
5658	1010111001101000110100011110100100001001010110101111000101100110001101111100010010111101100011100010
2723	1110011000111111100101110111000100100010010000110010111011010101110001110010100101011001010000111111
1041	0010000100000010111110010001000100101100001111111101101100010010101110100000000011110100110011100000
4138	0100111100011110100010111000001100010001101111110101011011111100001000110000111011000011000000100011
4646	0000100100111110010010010111000111111101101000101010001101111000110100000010101001001001101101001001
5280	1011011010110001010110110010110111000100100010000101011011111110111000110111011100001111111100001100
5455	1001000010110101001011101101000010111110111100101111111011001010111101100110110011111011000010011000
8530	0010100111111111100000010100110011001111100000010010001011110101101001001110011101010100010100110111
5338	1101111010101001111100000111110011100011010100010010001010001111000001011010001001000110110100111110
6383	1000101110100110001101101110011011111010110111000101100100101000000110011010101011100000000010110001
6059	1010101100010100101101110110101000100011101010001101110000000111000110111001111010011101111011111000
824	0010001010000000110110101001011100101101110000111001001110000000000111010111011010000111010001001000
180	0011000110001001000101000100111111110111000110011010100110100001000101011100011110110101011100001000
3354	1001101110100101100111110100000000101010010010011111011001001110000111001111100011000101001011100100
1230	1000101010110100011101110101100000101010100010110100101011000111101010010110100100010110100110000100
6002	0100100110011111111010010111000001111011111111000010100011101000010011000100001010000011001110101111
6521	0110101100111101010110000001001011111100011000110001100101010000010101100100111011100100101100100101
2105	1010111101001111000010001010111111001000010110101001100000011011010000100100011011011110110001111001
2172	0001100011101011010001000010101111010100001011000001110101100101101011000111101110011111111100001111
5981	1010001000011011000100100101101110111111010101011011111110010111100001100101011101101011001111111010
4809	0101101111001001000110010010011100000010110111000011101110000010110100100100000100101000001000001011
5271	0010100000110010011100001101110100101010010111100000000001100111010001110001110001101000010111011100
7800	0111111010111100101011110011001101010101001011110010100101010010111101100010001101111000000011001111
3330	0100001000110101110100100000010110110010111100110010001000110010100010000101101001111011000001110001
3155	0111100111001101001010110000011101101000101001110101110000110000100000011111111001110101110100001010
2742	0000101111011111011100101000000000101001111111000000101001000011100001110011110101010011011100000101
627	1101000110110000111000000010010100110101000000000111111101100100001111100100000100111000111111101011
5852	1111111100101001110111111111010010101100010101110011100010010011101011110110000111010010111111101101
4458	1100011101001100000010001000010000111100010111011110011110100010001010100011011010000111101101001101
7761	1110011101010000001010010010001001101101100011110000000101001011110110111000111001101110010100011110
7877	1010110110000110001001010001101000010001101111100001101010001000000011101100101000100111011100111101
2760	0010011101100101001001001110001000010000011111001011101001010001100100011010111000000111001101111011
7768	1100100011100000011000101011110010111010000111110010010100000001111111001001101100000110100000010011
6002	1001000111000111000101000010110011010110101001101010111001001101000001001011101101010011000011011110
1695	1101101110010001110011001110001111111011000000001111001111001011011110000110100010101110001001101001
6092	1000000100011101001111000000111001110111101100110011110100100010010100100001001100000000010001011111
9905	0000011010001111000001111010010100101110101010111101110111101101000000101001101011101001110000100100
3733	1001111010010111101110001011001101011101001101011111000011100001111110101001011101000101110010011110
4815	1011101011100100000010101111100000010111011010011010001010100000001010000010010001100011001100011000
685	0011100010100000001100010100010000100010010111101110000101010010011101111010011110111100100100010011
3482	0101001100010111100101110010010101000101001010110000010111000001100111001100101010101100011010001011
7388	0100111010000100101000110011000111101101110111111111000000011001100010101111010110001001100000110111
9413	1000100001110101000011101101111101100010000110111110001110010111110011100101111001111010011101110001
5884	1001001010101100110110111110101011011000000010010101100001100011000011010000110111000110111001111101
5195	0001011011101010010011011010110010010101110100110001111110000110110111110110001111010000001110100101
4500	0000010001011101101100011110101000101101111110110001011101000101010010101100110100001101011100101111
3973	0110001000001111011110011100100001110010110100000001000101100011101100101111000000110001010100001001
8496	0000101100010101011001100101101000110011100110011000111110001001011010110000110000111000010110101001
5443	1001001011001101000001111110000011111000100001010001010001010011101100110100100011011011010111110001
5095	1010110011100000001101100111110110001100001000110001001100110010011001101010011011011011011010110001
6798	0100011110000000001110011100000101101101110011100000101101111110000011100000110001110101100110111001
9977	0101010110010110101001010001111110010000111010010111000010011000011101000010000111110111011011101110
9307	1100111011100111101110010111001010101000100001110101100001111000010111001001101011101010011101000001
6723	0001011100101010010011011111110100001000100001000000100010110010011010100010010100000111100110110000
1786	1111100100000110010101101000000001100001101111011101100110010001111110010110101011001001111110100111
6451	1101101101100011001100111101001110101111101100001010011011001110111011001100111010001000011011111010
2716	0001001011110111110011100001101110001101011010011110001000101100100010110001000110011111110101100000
7306	1000101101001000000000100111011010010000110101011110100101100100000111000000111001011111101000000010
8774	1111001100110100010110100001100000001001100110101111110110110110011111101111111101110100010010001000
8234	0001011101011110011011010110000010101100101011011100101000100001110111001000011010011001110010010010
8293	1001010011111000000100100000011011000101111011011100101001010101110110011101000000010000101011011000
7291	0010111001010000000110011010000010010001011100101000011111101100011110101011010001011011001011000100
9780	0001010111111010001010111010100100000001100100001011110010111001000111001011001101111101010011100101
8253	1010100100001110111110111011110101110000001100011010001101000010001111110100011010001101101000111101
9607	0001100011001100100110001110100011001101000010001100001010001011100000000110101000001110101001000101
3585	1000100010100111101001001101000101101101000111010010001101010111111111111010011100000000100011011100
47	1010001101110100001010011100111101100011000011100000010000101001000100111001010101001010100000100000
1397	0110111100101100010010010001011011010001000011100101110011010101110001110001100110100001010101101111
9603	1000011000111100000111001010011111110111101101011000101101001010111100100110101001111000000110011000
8458	1100000101111001000001101011010100010101110000011110110001000011001101011010010111101111011000000100
6302	0010110000101100110011001101101010011011011101001110100100100010001001010010111111001110101001000100
343	1111000111010001010000100111101100100011000001110111010101000000101010101101001010010000101110011100
6822	1100110011110110010100011010001000010010110000000000100101011000101011011100000011010101000000100001
7594	1101011101010100110100001011001000001011000011100101010001011100101001111100111010100010001110111100
684	1001110001101011110101111010011010110000110101111001111110101101011100100000101011110111000110110000
519	0001111000100000000101000001011101010010010101111000101111100101001111110100100011100111111010101011
5187	1100010100000101100000110010000000101101111010101111001000100110001001000010000100110111001110111110
8144	0101110100101010110111111001101111100010100101110111000110110110010001010010001111110000100110011111
7031	0110011101100011000000000001101001110100111100100011010110011011000111000111111110100101110011111110
4671	0100010101100011000100100111110111000011100011001100000001000011100111110011000110000110101101011000
8210	1010001100000110100100100000000001010100011110011010010110001000000011001010011000000011110011000101
9449	0010001101011110100011011000011001101000011000010110010101011110001100001100000010001001011000101100
1558	1000101101101100110010011000100111011101000100000001011000110011101001011101111011010011010110111100
6464	1111111010110010101101110100001110011011010010101010000000000101101110100111111110010101100000101100
6775	0111111011010000010010101011001000101100100101000000100001000010001010101001101000000000011011010010
1571	0000110110001101101000100001000000001011000101000100111110010100001000110101110010010010100011111111
2128	1000001011001000111100111111111101011001001001010100010001100001000000101111100001010101000101111011
8952	0101010000101000101000001011111011111110010100111000101101000010101101100000011100110000011100011100
1813	1011111001111100100000100101100000010010100100001001000100000101101110011111110111101111010111010011
1092	1100101100010001110010110101010101000101101100010111110110010110101110011111011011111100110110100001
442	1001000010000000000000111001110101101110111000111110111001100111001010101110000000011010100001100010
4756	1101011011100010011001110001111101101111101010001110101011000000000110000110111100110111010011101101
8868	1000001001111111000100001010101000000101010010100010111010010010111100101110001111110001000011101110
8684	1110010101011110110000110101000111101100001011010110101100001000010101111010010100110011001100101100
7713	0011010100101010011010100100110001001100100010010000110100110011001101001100101011011110111101110011
4855	1000010100001011111001100010110000010110011010011101100111111110101111000000110011111110100111001001
3104	0110000000101111011000000001000011101101111000101100111000100010001001101011101001001100000110011001
9607	1101100010001011000101001111011011111101111110110110001110011011110110100100110000101010011001100101
2249	1100001001111010010011110100100001000100000111101000100010101100101111011010111000011110011111101110
507	0110011101010011000111001111001001001000101101100100011101101001010000101001010010010101011101000100
4980	0100100111011010100010100001010011101010010001111001011100000111111111010100001010011101001100110101
2279	0011111100101001010010011111000111010110000100111011100101010111101001001000010011100100111101011101
4597	1000101111111000101111011011010011100100001001011011000010101000011010011111100011100110011100001010
6455	0010100100111110110111001101110010101110000001101010011100101001101011101101000110001010101001011010
1462	1000100010011011010010110010011110010001110101010001111000101001101110111111011110001110111001101010
5250	0111101100111010111101111100010000011100101101110000111101001000010000001000011001100011111111000101
6087	0000001000011111010001000010110001000010000010011000011100110000101100100110101100101001101011001100
1458	0001111010010000110010010010101000010101111010111001011000000011011110100101101110101100111010000010
8820	0010001100101000011111110011000110100100010001011111000010100010010100011010110011011110101101101111
5319	0100100011010111001000100101001111100101000001100111001110001111101000110100111101011001010010101100
9017	1010010011100010000010100100100001010111110000011010100111110111011101010101000110101001010111100110
2775	1010010011100000001010011100110001110000110010001000000011010001101100000101000100010000100110101001
6063	1111001010110011101101001101011110010011010000011100110000000010110111101101010101010110000001010111
2950	1000101010010000011011110100111100000110001101001111100010011010100100110110111110111101010100100001
1549	0001010001010000100101000100000111000100100111100101000000010001011000011110110010111010001011000110
8328	1110100100001110000000010110011100101111000001101110011000100000000101000000100110100111101000111011
5958	0101101100110010010101101110100101001001011111011100011100100101001110100000001110111011011111010010
4480	1000110100110111010001010100011010100011100001101100101101101111011011011111101101110100000101111010
641	0100111011000111011100101010110010000111110111010000101011101011100010010011100110100010010000100110
9335	1111000111111101001011011001011010011011000101101001000100100010101000011100000111101010001011011111
550	1001101010010111011011110101100001111000011010001111000100000100000001100001010111011101011100111110
2380	0111011110100010100100000010010100100101111010001110001011110011011010100010001011101010101011001010
1639	1100101100011101011111101001000000000101010010001110000000000010010011010111001010000101001101001001
2658	0010011010001000001000001110111101101010111111111010111100011100101001011110011100111100010110011100
8736	1001010110010011000000110100001101111001100101101110000100001110101010110110001100110100101011101001
6731	0111001110011110001100011111110111110010000011100100101001110001010000010101001111100010001011100100
3811	0011101110001001011110110100011001000000011110010000010110110111111111110110110100111000011000110001
2286	1000011101100010001100010001110001101010000100011101011010101000011101111001011011101010010000011011
2651	0100001001011101011010110001101100001011011101000011111001101010001111111100011111101011111010100111
8270	0101010111101011101010110010101000010100001111110010100111111011110111010101011101111011101000100001
5110	1010000100111110011111101101011011110110111110000000101100110000001101000001110100011110100000101001
7672	1110111111100111101111110000000100111001101100010010010010011011001000111101101111110001101100010001
7819	0101001101100110010011000001111011000000100011101000011011001111100101000000001101000000000011001010
2773	0010010111000100100010110010010011011000100001001100111000100110101101000001011101001001110100100101
5882	0110101001010010111110000100110010110001101001110101100111100000011100001100100111110110010010100011
9847	1101011011000000011010110101000000011110000010100101101011000100100010000111100101101011011011110100
1506	0111010110000001111101010001011010000101100010010110001110100111100000001110010000000010111010110101
5899	1111011000000111010100010111000101000100011101111000101110011010011110000111110110110011000001111100
3119	0010101010011000110010001100010001111101001101100010110001111001110101000011110011101111110100010110
8149	0011011111011110000001000101010000010111101000100001110111111101010111011111101000011111110011110110
2533	0010101110001010110101111001111110010001010000101100010000011001000101001010100110011010111011010100
1808	0001100001011111001100001000010101000000011100100011100110001010010000100111000111010001101001000110
8357	1111001110110110001001011110111100000110001101110101100100111101110010111100101111111101101111100111
4000	0100101010111100110000011001001001101011000000000110111010111110011100011001010010100001110111010110
1010	0010001100010001111010011011101111101101100001001010111011010010111000001001100110110011010000110010
1751	0000101110111000011000011101101011110000011011000000001100000010010100101111100110010110110011100110
5290	0011111100011000010100001010111110001111110111001101000011000011111010100111110100101000100000111111
6715	0000011111000010110101110101000110010111101000011010001100101010001010010011110010100000001101001101
1680	0111100101101111000101000111001001001111111000100110100011101101000100101010000100010011100101011000
401	1110011010010110100100000100011000000111110010000101000010011000011100100111101001000000101000010011
2342	1011001001010010010101000101011101110100101111001001001110001111111110010100010100000011000001001101
3513	0001000011001011011100001110010110101000110110110100001000110001000000101000101101100010001011101001
8727	0011100000010100001110011100010110100101001100011101011100010111000010001000001000010110001000101010
2281	1101010011111010110111101110110010000111100011100001100100111000001111000100000011101000101000011111
723	1000000111001100000011111101000010101001001110001011101001000010000111100101101100011000110010011000
4669	0101000001000111001010011100100011001010000111000001111111011110111101000011101000110100000111000111
3761	0011001000110000101000111101000001111101010001110110000000101111100110101001111100110000010100001111
2673	0111000000010011000010000101001100101100010010010011111001100011010011000111010001101110101000100110
4483	0111011001101111100101100011110100110110011010001001101001110011010100111110001001000010011011100011
2139	0010110010111011111000001110111010110001111101010010000011110101011010011101111101010000111110001000
4032	1111111101000010111010110111110101110100111110010011110001010000011110111001011100110110001101111100
9371	1111011000110110000111001010011011001011010010011110001110100000001100110001111111011010011110000110
557	0110001001111011000000101010110111010001111011001101010110100010011001001011011001001111000111000110
3699	1101110000110101100110001011101011100011000100011110100001011110011100101111010101001001010101101001
449	1100101110000101001011010100000010111001101100011000111001100001100010110001110111110100100010011001
3964	0001111011110000000010110011010101101001100100000000101000010000000010100111011111000000111000101010
