Size = 100 
Clusters = 143 
91	4	0
13	1	99
50	13	7
65	1	37
14	87	60
93	99	33
50	5	65
19	43	75
80	50	84
21	51	30
7	19	62
3	4	71
34	9	49
49	56	22
84	15	84
45	80	0
12	0	56
41	91	74
43	90	35
10	86	60
61	92	90
45	38	62
66	55	88
49	77	42
3	75	18
79	23	8
71	94	19
4	85	82
57	35	99
64	65	8
33	71	40
30	98	85
17	54	35
15	39	26
27	28	10
90	6	26
92	12	40
32	55	87
62	73	68
41	55	53
86	93	7
61	57	83
85	11	16
71	80	86
74	80	58
47	32	25
29	91	25
97	93	64
90	37	9
99	39	79
81	93	32
71	76	67
59	87	13
94	68	96
56	97	50
17	10	66
40	41	8
14	94	96
92	69	84
44	65	45
96	94	3
38	86	3
94	47	50
51	71	83
13	57	57
12	72	1
52	44	88
77	47	72
55	82	16
65	21	16
94	2	55
85	83	97
60	87	50
9	31	75
12	6	28
31	43	47
14	2	87
0	19	18
15	57	91
57	0	69
70	4	36
85	31	13
59	17	33
70	79	53
2	70	65
1	20	30
20	55	54
22	23	1
30	82	22
86	82	14
0	11	41
23	40	58
47	72	70
40	18	16
75	6	21
63	70	17
84	82	22
80	0	60
96	42	18
10	9	33
36	57	18
1	1	0
3125	0101100110001011010101010110101100011000001001011010011001001011011010100011001010000001101101110010
6591	0001110011011001110011110100000100001010010001011001001101001011010100111000110010100111100110110111
9125	0100010110110101001010111000000001001100010010011011011010110000001100111000110100111101100110001001
2360	1111100100010000001001111000111001001001001001010001100111101111010101010101110011000011011001001100
4087	1000000101101110010011100100101101011011010110001101010000010000010010111110000100001110001100000110
42	1011110101011101011101111001110111111010101000111101101110010011000000111101001011100000010111000011
1500	1010000000100000001111100101011101010110001101011111001001000110011100001010011000001010011101000000
4613	0011001001001001110010100010101001000110000110011010110110110111100111110011000011011100010010101101
2410	0110001001100000100110000111111000111110000101000011001111010101010100101011111011000110100111110011
758	1111001000111101111000000000010001010000000101010111000000100110010101000011100010111001010100010100
208	0001100010011011100100001101110101101101000100111011101101100000100101110011111110100111100101111101
3649	0011100001001110011110011100101001010000010001010111001000111110110110000001000110101101111111000110
7011	1010000011001111000001101111111001001011010110100110101000111101011111101111111011110011101001101100
8259	0101101110110101100011000101100110011111111101100101000111110011000010111101111001001100100100111010
2496	0000010001001110011111100000001110010011010101111111010101111011110010101001111100111101000000111010
7144	0011110100001101001100000101000111011110111001011000111110000100111100110101000001010011111100000110
9448	0011000001100011001000110100011010101000011011001000111100101100110001011100001011100100100110001111
2244	0000111101011010100000100010101101100101110010111000111001010100111101111010100000000110010111101100
7623	1111000001010001111110101111010101011100110011111110011111100010110110110101101101001100000000001001
3476	0010111100100101001001010100100011111000111000110100111110010101100100111000101010001001011111100011
5145	0010100000110110101110110101100010011010100111010011000111010000101001111110011110000111101100010011
4320	1111101000011100000101010101011000010001110011101111001000100011010000111000001111100100000110111101
2293	1000100001100100110100101100011100100011010101111100111111001001111111100001110110001011110100001110
9180	1110111100110110100111111100010110010000001010010101001001101111010100110011010110111000110111011100
108	0100010101000110100010000101011110101110101110111111010001110000100011011010101110000000110011001111
7819	1010100000011100000010011101000011110101001000000111101000101000111010110010000001000101000101111111
2683	0010111111001001101110100011101111001101010111100100011101100110010000011111110001000101100111001001
8382	0110011110100011111111101000000100000110011011000101101010101001110001011010010110000111000011011001
5679	1001001110100000011000100000001110001110100111001101000010110110101111101111001010001111011010111011
7108	0111110101100101000000111011010011110010001001110110000001000011000111110101001011000010000011101000
2613	0000111010011111010001111100100000011010111111000000111101011100101101101001000101110111100011111011
3807	1110100010000011101000100111111110000010110000011011010110100000101110110111010011101000001101100011
6010	1001101010010000011100000101001100010000110010111110111010011010110011010101111110110011101010101110
2351	0101101010001010011001011011100111010011100110011011110110111110101010101010101110101000111101100111
6412	1001000000110001001001000000000110000000011001101100001111000111000110100011111001100111110000001111
7969	1011101000100101111000010000000000010101111001001010100011101010110010101100100111100100011011101001
1283	0011000100100011110110000010110101101011010101100001011011111010011001110111110001111100010110110111
1126	1001000011001101100011110101110111001111000000001111001101111101111111101011101010110110101010011101
1995	1001100000111000000110011100010011001110001000001011100000001000100110000001001011001111100001100111
9062	0110100010100111000001011001001000001110101010000010100101010101110101101110001001100111000011010001
4741	1110010111000100111011101001001011001010101100011111010000110111000000000110010000011011010101011110
3915	0001010100001011101000111100110101101001010011110000111010111101101000010000010011100001111010001101
1650	1001110101010011111100110001010011000110100010000000000101001111110000011111101111111101110011000100
4164	1110011011111010001111100000100010000011101110010100010100000010001110000011010000001010000000100101
5475	0001101101010111010001100111001110011010000010000101010000010110010111000101011010111010101011100110
8736	0110101010000011001001111010110000100001000000110110010011011010111110000011101011101011001000101111
8361	0101100100111101101000000110010100010110101101011001101000001001000000001000100000011010011101011000
714	1011100111010011100011101100111101110001010000000010101100000110011010110111010110000101101001001001
2713	0100100000100001011010111101001110001110111101111001010101110101010000001011010101111100101110100000
7002	1010111010101100111100101111000100001010011001011010000000000011110001010100000001101110001000010101
9464	0010101110010010001010111100011000000000010011110101111100111110010110010000110011011110111101101110
1362	0011011110111011110000110000101110011001011010010000111100010011011101100111001010110111100000101010
2499	0001010110000001011101011101100101101001101010010010000011100011000101111000011001100010011100110010
338	0001110111000100110100110001001011110100000001111100110001100101011000101001110001100001000101111010
4372	1101000110100010100101010101001000001011010111111011001100100110010111000100000010011000011001011000
7446	0000110001111100100010011011111110110110000011100001000001000100010111000000111100001010101101110111
9730	1110001011000001100011111000101101001110010101111100110011000110110011010000001010010110000001100101
1982	0010100111000010110011000010110010101101100110000110110100110010111011001101010110011010111010110101
2203	1001000110111011111011000001110111001011001110111000011010011001101111001110011001000111101111001111
39	1100010000100110011010101000110100101011110101101101011101011001110111001100111001001111001101011111
9819	1100111110001000000011011001011011100100010001111111000111000011001111000001001001100111001001110100
960	0100111100110010010011110000111001101111000001110101010100110000101111000010110000111110001110001100
2019	0100110110011011010000000000101111110000101111110001001101100111100110011011101100100100110001010101
4603	1000100110000000000111111001010010000000011010001011100111000111001000011010011101011101100111000100
1730	0100100110100100001011001100100100100111011100010011011010010000011110110001110111001000000111010100
4812	0011110010101110010100000110111000110000101011111111010110011001111100001001010000111000011011101101
2575	1010100101010011110110100000010100010111100010001000000110101110111111010010101110010001001011111111
3398	1001101010001110110101011101010011001110001000111111010110101001010011100011101111101011001110001100
8950	0010010011110111110101111111011001101101110000110111001011000101010000110011101011101111101101101100
6927	0001000010001001010010100001000101111000001011110000101100111001111011010010001100000100101110011000
1715	1110110110010000110100000100000100011110001110001001001100011110111110111101100011001001101011110110
2028	0001000111101010011000001100111111000110110011100110101111010111011001011010001111000001111001001100
4622	0010110010111001011000111000110001010000001101111001010001101001010101110101001000100000010000110010
9150	1001101101011111110000011011010111010011010110110001010111001010100010000101010101001100100001010011
3194	0010101111011010001010110001001000001000000010111101000010100111011000010110111100110110011100001001
245	1010110100110001100110100001000001001001000100101101111111001110100011011001000011010100001000110000
613	1000111100101111000100010011111011001100111111101110100000111101011101110101010001111110000100000110
2348	0110000010110111100101101001011110000000011001101010010101011001100011100010001111001111111101011101
8470	0000010000111100001001111011111000000001111101000100010010000110010001110111001011011110001011101010
3234	0010010111101110011111100001101001100110100001110011001000110011001010100001001111111011010011000111
9681	1101001001010010000110001000111101010010000011110001011110000000000001100011100111001110001001110101
9792	0110111110000001001010110110000001111111000000010000110011010011101001100100110111001000111010111011
8311	1100111111000011101000110010010010010100110101001101101111000110011001010110000011111100101000000111
447	1001100000010000101001110001011000110110001001011011011100001010100000001010000010001111100001000110
2058	0010001000000010000100010010111110101000010101010100011111100101001100101101100111010010100011100000
3974	0101101101101011110010000111110111011011000100010100010011101010111010011001110001010100001101010100
7471	0011001000110110101010100111010011000001111110011110110000010000000101101000001110011000001111000001
9736	0110110010111000010001111101101010100100010011000110010010101110001011000000011000001101001000010100
40	0011010001000011111010110011010000011010100101010001001111111101001011101110011001101011001111000101
9139	1010110011010111001101101011011111011100011011000100000001100001100001101010111101110100001001010110
6020	0010001101111010111111111100110011000011001010111000010011101101011010001111101011001000011100000110
3233	0110001111111001000111110101011010010000101111000101001001101000010100100010110111110010010011000000
413	1100010100100010110011100101101000000010101101010101100101100111000010110110011100101011101010111010
2479	0001011001100101110011000001100011011010011000111101110001010111010001100110101100100001010110100011
5687	1000110110011010111011101100110101111101101010101110110100111001100001101001101101000101010110110010
5648	1001001001010011101001100111100001011110001001001100000011011000101110000111000101011000010100110111
5348	1111000110110100000000110111111000010001011001100101000011101001110000100110010010011000010011000100
2670	0101111100100001111111111001010011001000011101111100011100100011101011011111011000111011100101110010
6485	1110000000110010011100100001110011010000000101010011001110010100111111101000001101100001101110111011
2989	0110100100000101001001010010000101001101101100001000010010101111110110011010001001000010000111011010
1594	0110110100011010101110110011100001111001001100010101010101100101101010111101101000001001000001111000
606	1000010000101101010110110101011000010011001100011011000000111110000101010010001010011100010001001110
107	0101011111110010000101000001100100111111011110100001101111111010110100101011100110011111100010101110
7437	1011111000011000000001010111010111101101111010111101010010101000110011111111101110110010010010100110
5388	0011010100011001001111001100100101001100110011111010110011011110011000110111011101010000100010100010
2520	1111101101111111011100010100011101111111101100010000000101111000001111001001010000010100001001110111
9567	1011111011000110110000111011001110111101010101011111011111010001001000100100100101111101100010111000
9147	1101011101000111100010011011101000110110001101010110110010001000100110100000001001101100101000011000
8448	0110010010000000100101001110000000100001101011101001001111110011001110101011100111110111000011111010
8176	0010101100100100000001111000011000100110000000010111010000011110111110010011011100100001111011000010
1372	1010010011100011110100000100100001101101110010101100100010011010001101100110011011010101010011011101
8407	1011010101110101001000111000110110011000111110100100010000111100101000101111110100011010111111101000
2920	0000000110011100101111110101101111001110011000000110000001110010111010011110010001010111000111011111
9455	1100100101101111110001010111001010000010011110110100100010101111100100001001011010000011110011101011
174	0100011101010100010011000100011010110000100101101111110011111100010100111111001110111101110110110001
1859	1010100010000001111110100111001101000100100110111100001001010001100000101010000011101110101101111101
9556	1110110100000100001101001000010000110110111011010110000011101111011000011100101110010011011110111000
6722	1010100001011011001100000000000001011001000010100100000100111101001101100100111000011001011011100100
9134	1111000011011010000000111101110010110110100110010111010000110100110111101001111000111101001001001100
4955	0111111100100011100011100110101111001010000101110101001111110111001100011011011000011111100011101100
6567	0101011010011011000100111100000101010000000001101100010010001101101110100010001110100101000000100100
9108	1011111110010000011010111010101100011011001001101000111101011000100001011000111011110000100011101111
5151	1000110010111110111100101101011111011000001000010111111000001101110010000110111001000111101000000010
6692	1101110110110111010100101011011111000000010101100111000101011100100000000010101100001011111000011111
5564	0011000101000101100000001011100101111000001101001011000110101111000111011010011111010010111011010111
9929	1101011011101010010101111100111110011110110001101111111101010100000111001010101101001101101111001100
2810	1100011110000101100000101000000011111011011000111000000011110110010000001111101110100010111101001111
4776	1100000111111001101111101111011101101111111001000001100001100011000101000010011101000011001011011000
9705	0111101011100100100000010010110010101010101111101101011111011100101110011110101010111011001101000101
3836	1100001001001110011011101110110010010000100000100001011000000100000100101010101000110101001111011000
6822	0001011010011100101110101010001000111101101000010011000011100010011101000101011111110110011111000011
2960	0011000111010111100111001001000010001000000100111000000010000010001010110111100101101111101001100110
6181	0010100010111000000111111111011001111110110100110110110101111011110110000000000100110000001111000110
923	0100011100110100011011000001010101000000111110010010100110001001000001001100111011110111101110000110
7276	0010010011000011000101110001011001000000111011011111001100111010110110101110011111010101100011011110
4707	1010001101001001000101101011011100101011111101001001001100000000010011000001000111001010011111111110
3686	0010101001100111101101010010100100000000100101000000110101010011110000111011100100111101110100110101
3760	0010101010000111111001011001010000010110000001111101011000111000110100001011111000111111100110111000
2537	0001010001101110110000110000010010110100011010110000111101000111101001001010100111011010110010111011
5533	0100010101001100011110000000110000101001110100001110010001111000011001001101011100110101011111100010
1933	1101110010001111111111110011000101001011110010011010010101010101110100110011111110010110100001101100
899	1110001100010000000011111111011101111100110111000010010001111001000000100101000010000111100100000011
7973	0101111010000010100110001101000110011100001000111111110101010101001111110001011101101111011000010010
