Size = 100 
Clusters = 192 
72	70	0
80	32	87
32	11	46
79	93	98
27	51	46
46	8	38
69	60	34
19	60	3
33	33	51
66	9	14
93	9	59
65	66	6
95	36	44
61	42	69
23	69	9
83	18	82
67	8	81
50	42	67
74	88	84
31	18	27
93	53	96
93	24	89
21	5	72
55	58	72
44	81	75
36	36	48
18	77	61
38	29	58
72	14	49
40	91	4
15	93	41
79	74	20
43	45	42
30	99	83
54	79	71
63	45	44
35	17	35
37	4	5
44	14	59
39	11	87
86	62	69
69	49	3
20	39	79
16	2	60
97	52	17
48	54	79
69	7	1
6	49	65
33	71	1
97	48	53
58	65	39
74	46	70
76	9	82
26	87	91
81	98	50
58	89	19
75	46	1
87	91	46
63	16	30
58	72	40
56	75	50
64	57	47
97	97	89
21	56	20
22	17	78
10	58	72
66	9	22
30	72	82
99	32	47
10	16	36
32	73	68
76	83	22
86	24	78
13	8	76
16	73	36
55	3	24
97	83	20
80	69	91
19	19	67
57	0	48
88	35	42
10	15	59
85	41	32
59	53	90
19	42	62
94	39	53
31	45	9
52	73	24
81	87	50
55	85	15
36	99	0
51	41	53
74	79	16
17	54	89
40	7	12
31	70	93
71	60	66
58	27	17
93	8	0
0	38	5
59	41	27
42	47	0
3091	0101100011111100010010011001100110110010110110110011110001111111001100110011111110100001100001000110
9604	0101001100011011001011111111110100001010111100010001001100000111001110110111001001100100101000011111
6960	0101100011110001111001010000110001110101101000011101001111110000110011000000001000101101001111110000
4642	1111110000111010010011001111011111010011111110001000100011101100001011101010000001010011100100010101
366	1011001010100011101010110101110000100111011010001101001111100100011010101001111111101011100110111010
4243	0000100000111000100000011000001100000111011110101010011010110001111111011100110111000010010111100011
1425	0010001110010000000001000111100011010010001111001110101101001111001000000000111001111001000010001011
8000	1110000010000000111100101001100100001111000100010110100101101111100011110111011110001100101000100111
7667	0101100010101001011101001110001111100111110100110011001110101011101011111011000111000001101011111010
6856	1111101011110101111100111101000000111110010010010000000001000110110000110101011010110000111100010110
3959	0000010000010100011011011001101000010000111011111000101100110011001101101101000101000000001010101110
5541	0010001011111010000100001110100001000000001011011110001001100111110111001110011111110110101100101111
1091	1100011001101110010010100010110000110100010100101010110100000011101001000010010000100111011101000000
2382	0000000001011010010100101110001000100010000011000110011101011100101011011100011001000001000010100000
1766	1011011110111100010001100111111100011100001010100011111110101100011100111100111111011000111011010100
8435	1010110111011010011101111010100010100010000010100011111011001111010000001001001000100010111111001111
7753	0111011110100111001110010001100101001101110110011111000000100100110111011110011101101101110011101111
2941	0001000111010101100110101011001010001001001100110110000100000110100000101110010111110100111111010001
7216	0110100011101010011101011111111100000001011100011111110000000110010111011111101111011101010011000011
450	0111010000001011011110100011001000010100110110011011101110110100101110001111001011110110010110010111
4722	0111100010001100110010111000010011100100111001001011010001111101001101110110100000001100001111001100
5408	1011010111010101111100110011000111101011000111100001010000001010001101001110000000100010100001000001
1899	0011101001000110010001011010011000100100010100111001101001111100001000110110001010111111101011000111
9574	0011100010010100001111110100100011010111110000101011101011110100110110100001110010011101010011000100
546	0001011001100101110111010001110100111100010110011000011000101011001100011110000010000100111000111010
9874	0010001110110010100110101101010100101101001111110001001011110101011111001111101010011110001001101000
4883	1100101110011000101011011011111010011011011000100110101100110101001100011000101000110001111010000010
831	0100000100011101101101100001100110000001110100110001110101101111111100100110101011111010010110010110
2004	0100011010011001010100011111001101011001111000111111101111010001101011101100001001111000110010000110
2474	0111010010100010000101111100111100001001001000010111110001001100001101011101010000001100100001001101
5840	1000001001011011100110001001110011110010010100100001011010010010010010001001000110110100000111111111
3919	0110011010111100111101000100011001111001010111101001011010010000110010110010001000011110001000101101
4769	1000001011001000101010011110011011100100111110100001011101001000110111000100001110100001000111000000
5608	0001111000000111000101011000101001111100100010000000110100000000101110011010011011101000111100111111
9002	1100101010110001001000011110111111000101101101101100000111010011111111001011111110010111011100110000
5569	1110010111111100101001101100110101110010101100111010111100110100001001110111001000010100111011000010
7844	0000001001000101101101100000111100010100101010101101010111001011110001100101101111000000011111110110
1184	1111011001111001010011101100011011000101111010001000101100111000010010010010111111010110001010010101
1995	0000011110010001011110001101111001110100110000111100011011011101101011100000011011100111110101001000
3447	0001110011000101111000110111110000000101101000111000010011100111011101101111000010110001000110001100
5533	1100100101001110010001101011111011110001000001101101110110110000010010100000010010100010000110110000
1158	1100010001001111001010000111101000101110010100010111001010001010100001011001011111000011000000001011
8742	1000011000011101100110110011100101110000101100111010110011100000100100010011110101010001101111111101
1524	1010000001000110011001111111011000000111011100011100101100110110000110000110010001010010001100000011
36	0000101111000000000100100111000010010100101010010000010000111100101101100010010011111100010001100101
6986	0100000110010011001100111111001111111010010000100000011011111000000101100000000010111100010111111100
2791	0000110110000010011000110011111100010111101001111000101111101110100111001011111011000000000011001011
9435	0000110111100011100100111101111101100111110101111100100000010001010010110000001110100111001110111010
5216	1100001110011011000110111101010111100111111000101010011100110011100010000100101010100001111001011110
118	1111110101011001110111010100101100001101110100110010001010101011110101001010001001011101100101100101
8570	0010111110010110100101010000011100110100010010110010011110111010111111110111001110010011011000000100
8791	0110011000100100000010010110110100010110101101011100010000101110101110000000000001010010011011011100
6760	0110101100111110110110111101001101001110011000111000110100010110010100001001110010101011101010010100
4517	0001000100111100010111010100110110100111110011011000000011000000100100011000011111011011100100101010
6927	0001101000100011001101001000010011110001001101010100011010000101110100101110000011001001001010110101
7004	1001001110110111111010000011011010000001011010101001001111010111000100010010111001000001001111010111
2057	0000100111010011101100101101100111011000101100000001001011100011111011000110001000100111110011110010
3974	0110100011011011111000000100001000011111101001110100010011000110011101001011001011111000001111011100
2445	1101000000110100001010100100010000001101110010110011111011001110100000000101001110001100001001001000
6045	1111111011010011100100011001011000000010010010100110101111101100100100000111011000110110001110100101
1801	1001011010110101111101111101010011001010010101011111100100011011011011010100101100011110011110101111
2416	1110111011110011100111111111110100111011001000101101011101001011010011011100111000010100011010011001
2743	1100001001101010001000001100011000100010110001001000111010011111110010011110110010001011001100101101
9743	0001111001010010001110100110011001011111000111011111011010000111000000100001111100110010111101010010
3691	0100000001001011100011010101110010111110011000011000101111111111100010101011101011010011000101110110
1512	1100010111011111000000111011110011101111110101100010100010001010101000011111101110100110110111010111
5725	0010110010110101000011100100001011011001101101010001111100010000100101110110000010110101000101111110
8462	1111001110110111110111011001010000001001011001001101011001100011000101001111001100110010001001110000
3635	1111111011000000100001001110000010000100010001001001001111001110001010000010010011101010001001100001
96	0111100001000011100111111001100100010011010011111010110010010101110000101100001111000010110101011001
5891	1101110011010011010000000100101000000100110001111010000011110100010110011110110101100010111100011111
7982	0011011001001111110101100111010111001011110111111000101101001110001011100111111110101000001100001001
540	0010010000110001010011101111111011101001100010100000011001110111010110010010100100001100001101110101
7858	0100000111101111101000011000001011000010001010001001110100011011100001000000110111001110100110110010
311	1000001000010101110000010110111001110000010001110111101100101001011010111100001011001000100111111000
1875	0001001010001000110100010110110001110101110011101010011110010101110010011110101100110100011011100110
983	1001001000111000111000011110101011001001010110000011101111001011100110111010000110100001010110111001
3517	1011000011011001000101111010011110101011111101010001010110110011111100100010111001000001101101101000
1966	0001010111011100011000000010111111010110010011110000111110111101101010000101010101010010001011011100
4997	0010111110110110011110001101001010111011111011111001000101001101100101000010110001000100101100111111
2630	0011110111111010001101111001001000110100110001110000100001110101000010110111011000001100010100111100
7614	0010111000110110011001111000010010111010111111111100110001111110100000000100010001010111100001010100
8143	0011001101010011000000000010100110001001111010100110111000010101100001111001010010111100001111010001
3806	0011000010011001110101110010001001110100100000000101010110101101001100110110000001001010110111100000
3482	0100111111101001010000101011101111100010110000100000000000000111011000011100000110111100101110101010
146	0101111011100110110011101110011110101111010001010101100011100101111001110110100010101001101100001011
2996	1011111101010100111100101011110101011011100011001000100110010110111010010000110010110100001110111001
6245	0111110100010001010010010010011110001101111101110000110111110100101101110001010000001111101100110001
6713	0100110010000001111000000111111111010110001011100111111010000111001010101001110101111110001111101010
1019	1001010011001100011000101101001000000111001100100110111010000111011010010000010011011000000001010101
5614	0000111001010001011000000100110010010110000111110001101111111110000011011000010100110100101010100011
7503	1111001100011101011110010001001101011100100000110101111001111111000110010111011001010101001111111000
9892	1110011010100100001101001000001011101111011010001001101100010111101000010010110101011110100001101010
7393	0001011100010001011000011010010011011111101100111010010000000111100011100011100110111000011001010111
8264	0100010111100011110010001010111111111100101111110101101010000001000010110011101110001011110010011000
9300	1001100001011110001001000000011000111010101000100100000110111100100000100100101001111101101001111101
648	0110111011111001101111101101111011101101111000101110100101110000000110110011011000110000010010010010
9738	0101101100101010111000000111100100001000111001000001010001111011101110001111110111101101010011111010
8015	1000001100011111110111100001010010010110110000000110011011011101001000011100011101001010010101100010
7328	0010110010001110110011000001101001101001100010001101000101101010001101111001000011110011110010011101
3570	1100100000011000101110110011010110000011100111100101100100010000110010010011101011100001011010001110
1293	0111011011111011100001011111011110110100010000010010111100000101101000100100110011010001011110011000
2832	1000011110001100010111010010011010010101101000001101110010000101011011111001011111000000010010000011
8507	0001001001101010110110011101111011100011010010111111000100011101101101101010111110111001111100011010
1032	1110100011100100010001100010001111110001100101110001110000100010101000110001001010001100011001000111
594	1010100011000011010101001010101101011001001001001001001011000110010011011011010010101110000000001001
8305	0010100000001000101011101011110100111111001100011100000110100001011001010011110110011101110111101100
7594	0010000101011001000101000100010110010101001011001110110011111000000100010001111010110010111101001101
565	0000110001011000101111011100101111101001001010010000110011010101010001100110100011100001001000100000
2062	0001111101111100100011100100011010110110110110111100010101100111010110111010110110001001110010011001
8244	0001100110001010001010011100010101110000101111000101101101110001011101110011011110010010010010010011
7574	1010000010001111001010011100100011110100110001001110100110011110110101010111110010100111100100100100
9620	0011001111011110000000101101010101100010111011010111010111110000101010001010000111011011011000010111
5709	0100011101000100000110110000011110000101101111100100111110101001100011101011001001011101111100010111
8056	1110100010010010101001001011111011101111101001010010100011101111111001011100011011010110101000100111
7837	0111101011001010001001001000010001001011001111000101000110011011101010001001110101010100001101011001
513	1001100001100000011110010011100101011101011101001101010110100101100111010101010001011100101010100001
352	1111100111101100010010110011011110100010111101000101001101000011000100000100011100011110010101010110
9250	1010000010001001111110110101111010111101011001010000010101111101101010001101101111111101111100010100
728	1111100110010101100101111111010110011100110010011001011111010000110001100010111001010011010101010000
9147	1110010010100001010001101100001101011110010001000101110110110010000010001111001000100111100001100111
3353	1100100111110101011101110000101011110111101110010001101001101010110100101010001011110111111000001101
4412	1111010010001100001001101010111101001000000000000001101111110010101011001101110011011001101111001110
4317	0010010101101001100001001101100011010011100111110000000101011010000001100000011011100111000000111101
4622	0011110010001100010011001101111000011001110001010010111100110111000101011110111110101111100010111010
1620	0101101111001100010111001110101100110010010101111101010001000100100001010111110111100101111101111100
7165	1100000111101100001101000011100100100100110011000000111011101011011110100100101010110111101100101000
9653	0011000000011010000111000001011001100100011000000110110110001111101011110111110101111010101010110011
9632	0011001110100101001110000111011111011110100000011110101001100010100000001010011110101010101110000100
1192	0001111000110111010000000010100110100111001000111100100110100110100100100110100100110111011110000001
3689	0110001011100000100000010000111010010010011000010010100011101000000010000010011111100001000000010100
7311	1011101011000001110100110100111010100100100111000101001001100010001111010111000110001011010010001001
1370	0101011101101011101101011010111110100011111111001110110111000111101101000001000001110001001000110001
5037	1111000110111111010010001010111010010101000010000010000000010100101110111000001110100001011101001110
313	1101100000101111111100011001110111100100110101001011110011100111010000011100011001101001010111101101
3910	1110111010111010101000111010010101111010111001110110000110001011001101000101000101100110000110000000
2393	0101101000100000000010011010101010101011101100110111101110010111101111010101101100101010000011010010
3184	1001100001001000110110001011001101101100100001111100111010010010011001010110001001111101010101011010
2061	1011010010100001111111100101111000010011000001010101001011101100010100111110101011011101001101010101
4208	0010100110010010000101000011000001110101011001110001010100000100101000101011011111011011010010100010
8837	1101100010111011110011100111111011000101101000111111100101000010011000111101011101111000110001110000
3732	0110010111100001110010100011101000100010100000011110100010010100011001001000100110111011111110000101
1120	1011011011111010010010000001101000001011000000101000111110110011000110010111001111101111111001101010
6073	0110100001011010011100011010010111111101100010101100011000011100111101000000011000011000101011000000
5617	1010101111010101001001110010000101000111110101101011110001001011001001011000100110000010010110000001
9323	0101001010011100111101110001011001101010101000100101010110111101100110011101110010101001110111001101
1821	1100101001001001100100100100011011101011100011101001001100111101100010110000001001100110111110111010
527	0010110011101011011001111101110011011011100100110010010110110010011010111101111000010000111010100011
6899	0110000000100001110000000011000001010101010010011011000101100101101110110110110100100000001100011011
1446	0011101101110000000110101001010010111100100111000101010101101011011100100001101110010100001000000011
9841	0011000111110101110011110001001101000000011001010000010110011000001111111111100100010101010001100001
9262	0000110100001110100100100010000110101111111000111101111000011111101110010001000010100101111001111111
5494	0010100001111110001010100001001111100110011010100111011110100010010100111010010101101001110010100111
3496	0100111001011100010101101000000100100010110101011011001000010011100110100001011001111000001000010101
7488	0000011010001111001011101011100001011001100101000101000110011110100001011110101000100011110000101101
6734	0000011000011001010101001100111110100111001010010011101111110001110110101001010001101111010010000000
9454	0111010100100110010100000000010100111010010000001110001100111110010110011000000010100111001111001000
7569	0011111010110011001100011000010011001010110101110110101000010001110110100010100100000101001001001100
1980	1101000100110111110100001100100011101111110001111101011001111001110011000110001110011100111000001011
8779	0001010011000011111111101000001000110101010101011110001001101011011000100101101000000111011110101110
4444	0001000011101110100000100101001010011011110000111110110000001110011111010101101111111001010011101011
345	0101110000111100011110110000101001000010111010100110110011100010001101010100001110001110001101000010
258	1001111111000011010110110110110010111101101010101100100001111001011101110110100100001101000101101000
3621	0011011100001110000010101010100000101101110010110101100110010011000011000001001000111000111111001101
7570	0010001101000000100000100000100011100110001010001100000000100110110100111001111110000110100101100000
6458	0011110110100011011011000011000101111110000010001001011100000111111101000001011110100111001110000101
215	0111101111011010001000010010101101101000011011000110001111010111011000110000000000000001001010010010
6760	0011000110110010010011101101110000110100001010000001011010100001000001000110011110010000100101001000
1512	1101011010111110010010011000000000010011100100100001011111111101000000000010100010011100110111110100
1315	1001001010000011100010011001101110111001111110010001011111001011001011100110011111100110000000011010
611	0101011111010111000000110111101111010101101011100100010000010011110000001110110001010000100101011000
8382	0101111001110110010001001111110000011011010011100111110100101101001000101110111001010100011100101111
9903	1000111000000011100101001101000101000101100110101111000110110011101001000100110111110000000010110000
2361	0100001011101000010010010001010100101000101111000101010110000000100111100010010100100100111100011000
636	0000111111011000101101111111001010010100001010100011010101010010011000010110011000101111110111011111
5844	0010011011101110101100111000000001110010001110000110011100010110110101101000000011011111101011010110
3253	1011000011101010011000011111010011011111010100111100110111011111001100000011010111100001000010000101
6321	0000001110111100110100010110100100110101000111000100101011110101011100100000101100110101000011100101
8182	1101100001100111001011001001100000011110111110001100111011010011001101000101000101100111100100000100
5418	1001111110100000010011100001000001110101000000010110011101000011110011111001100101100010011000000000
5738	0100010000100110000111111100100001001110011001000000100011011010101101001011101110110101010011111010
3531	0111001011111100010111100100010100110101110000111111000010011100001011010101101111011001001010100011
5000	1111100000111010010010100001001010101101100000101100000010101100011011000000001011110001100100100101
3710	0110110000000110101000111111011111011001111100101111100100111000101010100100010001110101001000101111
5091	0011001010010111100100110001101111110010101111100011101011101011010010000000100001000100000101011000
8608	0001010011111000100010101111010100011110101010000000110010010000110011110001010110111010100000111010
5954	1011101010111001100101111000011000110111100001001110011100101011101001011111011001101111111100100110
2299	1000000010011001101011011010000001001000011011010101101010100000110000001001011010100010111101110111
204	1110111001100011101011001011000101111111001110011010011101011000110011011100000111111011010000110001
1504	1011110100010011100010100100111100110001010010110110000011101001000011001000011100110110010000101011
3022	1100101010000011000100001000100010001011010110111000101100101001100001011000000110100010100111001000
9405	0100000100100001101011001010011011100110111110101011100010000110111011001101110111010011010010010100
