Size = 100 
Clusters = 153 
56	29	0
61	88	48
54	66	35
30	92	66
11	38	46
97	25	37
76	83	44
95	60	56
49	52	14
99	63	43
55	46	91
4	42	36
81	98	46
7	41	37
30	32	34
53	19	25
79	48	23
69	13	25
70	69	69
6	43	74
8	47	47
61	67	3
27	48	99
53	43	77
15	76	65
76	19	26
64	85	45
60	76	29
22	57	56
36	30	90
39	36	35
60	41	92
86	92	2
60	23	28
96	47	65
21	18	84
69	41	69
4	2	57
95	60	31
31	90	52
90	46	23
66	13	47
54	4	81
0	72	69
14	77	19
69	19	74
72	75	65
87	22	70
50	93	39
17	12	99
23	66	2
1	22	95
42	8	11
88	1	83
1	33	97
18	47	61
88	49	39
19	84	19
62	89	1
39	11	31
46	57	65
0	91	94
39	73	47
78	61	24
8	28	34
16	54	74
2	96	79
33	56	97
22	14	29
44	34	70
1	47	30
43	29	41
56	93	36
24	0	80
60	92	69
48	62	26
83	49	62
41	78	15
28	74	49
35	56	50
36	10	73
10	4	72
80	2	87
49	14	26
83	21	34
2	5	25
42	89	54
79	54	70
86	61	45
22	99	9
10	47	3
37	61	58
45	11	58
75	65	54
41	24	29
74	46	30
89	96	8
89	76	47
5	85	13
87	92	89
52	67	96
61	66	0
1340	0000100001100111000101000001100000010110101100011111100111101001011110110110111010111100101000100010
6507	0001011001101011010110101011110011110111010111100101010100100000110001100110100010001111101101101001
3356	0011011111100011100100111001001000101110110100010100010111110000100111000101111001011000011110101110
3099	1000110110011000001010111101010101100010000110101100011011000011001011000011000000110011010010101100
1227	0110011110111010001001100001011011111110110000001011011001010100100001011000100100011011000100110001
5973	1101100101110010101110110001010100011111101001111011010110101110111110100010001011110111101110101011
2997	0010001000011100111100101001011000100011110001000110101100001111000001111011101010000011111000000010
7536	1001000011110001000111001000001110100011110100011101010001100001001101000010100111111011000011000011
8232	1011111010101110110101011110100100101100111101000000000001011110001110111111000010111010010101111001
9719	1100000010000100100111100000101111100011001000011011100000101001001110011111001001001011100100100000
630	1100101111011000001110010010111110000110100001110100010010011110111000000001011101001011100110011000
8744	1010101000110001010000000000000000111110110100111111010000101111101010011101100000111010100110110001
3673	0100000110000101000101111110111111100100111110000110000111101110101101011110011001101101001010000001
2578	1001111100100001010101101001101110110010000001000110100011011100011101111101111000001000010100110100
107	1011111011010000100010100011010111011110001011100100111101000001111000101110011001011011011100111101
7760	0011110110010100101110000100101101010001110110111011000011101001101010110100110101011100001000110000
5193	0100010000110010010101100101000111010111101010010101110100010010111110000011011110000000011000110010
6668	1100011011100110000010110010001010011001100001111000010010111000011011011110101111000000010111000111
9563	1011110000101010111010011010101001100110111010110011101111010101100100000100100001011110011100100100
5822	0110100111111011110010100010100001100101101011101110001110100100000011011010011110000000110101010001
5164	1100100100111010100111101100011110000110011010001010011000000111000010100011010111110110101111011110
610	0110110011111010100111001011000101011111011000000011111010001111111101001011000100111000000011110111
6132	1111010000111000000110110000100111101111110111001111110001010010111001110001100001010000101100101001
335	1110111111110100011100101000000100010100100110011101011100100110111101101111110101100010011010111100
2098	0111100000001000100110100000010011010101010100011110010111111100000111100101100001010001100000010000
2766	0011000010000111000011001101111010011011101000011001001110110010101001010101001110011010010111001101
6871	1110100011111001011011000101011100110101111101000011100100001000001001110111001100000001101110110000
9380	0101100010111010101110011011001000111000100011100111100101100000111110001000000000101010101010100011
4591	1011100001000101001000001100011101000110000000001110101100100110100110101100101011100001001011010011
7480	1111001010100100001100101010000011001110101010011100110011010100111011000011011111010010011101101100
1333	1001101110010100010001111000010101011001111010001011111011001010011000101011110010000111110100110111
1175	1001111000011101010010101110001000011110011000110111101111111010001011101000101001011010001111111011
7258	0100010100101110111011100011011100100011011110110011111000100010110000011111011000001010001010111010
336	1101101001100000011100110110011101011001000000100011011101111100001101111000110101100110111101110011
9289	0010110011001011110001010101000011010000010101001101000111110101011111001111100101111111100101011010
1604	0100101001111100000101011010110100111101011011111001000111000101101111001000111111100001110001001100
4084	0110110010001010111100111011111111111011000000010101001011111000100001110000100000011101000010111101
5068	0000010001010100100100001011010100001100111000100110010000111101001101100110111100101100010000011111
568	1010001000111111100010000000110101110001011000000000111111001110001011010110010101111101000111111010
2966	0110011000110010001000110100110101111100010100010011010100101011001110110011100101000010110101100011
1067	1001000100110001110110111100011011111111010010100100010111010110001000011010000001011010010110101000
2607	1010100101000111111000111100000101000100000011101111110011001100111111000010000011011110001100100011
2822	1000101010100101010101000100101001101000010010001011000111110110100011110001000110111110001000011111
4766	0011110011111100000010001001011100110001111001100111001101001101011110110110011001100011101100111110
2671	0000110011100000101111001100001010000000110110111100000011010111101010010110010001101011010001011010
5531	0010111100001101010110010101010000110101011000101110000100111000000111110011000010011010011111000000
1258	0111001110001000000011001100010100001101000010000001111100001101010110010010001010001100010101101111
779	1111010011101001010010001001000000101011000011001011001110010101010111110101110000000000010010010001
7365	1000010100011100000010010011001010010001010111000010010101100001110101100011111110110100110100111011
2856	0010110010111101000011001000010101110000000011010000010110101111001111000001010100011010101110011111
5860	0110000001111001110011101100001100111111000111000011010010011101011101011101011010110010110001111101
3350	0011000111110100110101000010000011000010101101001000000110011001000001111011001100010100010101110101
4265	1000100100001001110010110011100101100110011001100000000000100100101011110000101001110110110011110101
8884	1101111111001010010000111110001011100101011100001010110000101010000000010000011100110011100001110001
8269	1100110000111010100111111001101011011010100110101110001111101101011110100110010110010011011011101100
7324	0100010111000010010111111001101101000000110101010110100001110100011001111010111010100010111010010111
5896	1110001110010110001000111000011110011110001001110001011001010010001110100111011011000110010010010111
2748	0101011001010011100001110010000000000010110011000100111011110000001001010101100101011111011001110000
6623	0000011001111010101101010001100010100101000110100001100011100111011010011111100111001011110101100111
1346	0110111100000000100010100111001110000001010100111010000011001101000101011111010100001011111110101000
7822	0010001000001011010110111011101000011110000100011000000000010101100110000010010111011001100110110110
5308	1011001000101001000100101011111010010101111001100000000101101110010011111001011011010100110100100011
5607	1101011101001000101111000000001110111110111000001001100001000110111000110110100000001110101011000000
7827	1110011101101100000110110001000010110111011010011110110010010110110111001110011111000011100001000001
173	1001011011010100101001010101001111011000110011111011001110101111010101111100001101111100100010001011
1379	1111101101010010000011100000101011101101101011000101100110101010100001000110100011011101100101000101
8	1110100100100011100001110001101000011100110100101111010110110111111101010100110111001100011111011000
9181	1110000111100001111110000110000010110111100001001100000111001111011011111101100111110010010011101011
3520	0000001011011010110011011111100110100110000100011000000110010111000100110111011010010100110001010100
9850	1000000110011110100000110101101010010110010110111010000101000100111100011100001111010110110111100100
8417	1010100010000001010100000001110011011110011101101010011010101101101101101000111000110000011111000101
7932	0010001001100011110001010100001100011111111010101100001001010010100110101001101110111111111010110010
270	1011010011000010111101011111111110010010110001000100010001110010011010101100011000101110110000100101
6710	1110001001011001101101000101010100001101000101011100010111011011000111101101000100010110111100010100
3217	1111001101011100000110010011111010001110000101101111001100111001101101000101101101100000111000111101
902	0001111111010001010011010110111000001011010101101010010010011010001111000001111100110110001010100111
2802	0100101001010101101011101010010111011011100010010101010010111110000000001001000100000100101101110100
8460	0101110001010110100111000110101110011111101010111001001111000000100100110010111010100111100101100011
1177	1110101111111110010111000000101100111110011010011011011000111000000010111100000100110101100000101110
2937	0010101100011001010010010100010000010110100110001001111110101001110001000010000111111011100000111111
121	0110110011100110000010001011000100110000111100011010010011101010110110011101101100101001000010010111
3428	0010010000100101000101000001101111000001100001111010000110110001010100101110000011101001100110000000
6963	1001111001110011010101010001111001001111000100010011000011100000101000101100111000010011000100100110
6529	1100010011011011001011110111101001010001001111001011101101101110000000001000110011001110000011101111
5517	1111011000101001011100001110011101011100001010011001100101110110010011100000010100101010010010000011
2576	0110000100001100010101011100010011110001000011101110011011110100101011010101011111111100111010010110
2353	0101010001100010010111101011001010100100001100110001011111111010001000100011000000111101001001001011
494	0111000101110101111010000111110011000101001001110111011101010011110111111000010001000001100110010110
658	0000111010110001010100101011101100000011010001110111010011001111000110110000011010100001100100111101
9806	0101111100000110111000110000011000011011010011011111110101100001110000001100111010000100000111111000
7592	1100111100001100101010011000001000000001001101110000000101111110011010010110100000110001110100000100
2965	1110110111011010011000000010101000000110111111100110001010001010100011100010111000010010000100101001
926	1110101111011000000011001010101011110100100111001011011010000110111011100100010001100011100010001100
9964	1101110110000100000111010011001010001001111011101000010011101011001110000100010101001000010000100101
6318	0100010101001011111111001001110001001101011101111110011001100111000000101010111100000010111110000111
8037	1101000100110100100110111111111001111100011111110000110010011110110010100101110001001011111011001101
3598	1101010000111100110101110001111111100011011011111100000001110001111100011000110000101001000100100101
6523	1100000101110111010110111011110010101111001010011101100111110100001111000000011011000101101001001100
2017	1011001001000010101000111001101010000111010000011000000000001011100111011001110001110100100100110110
9005	1010001110110000000000001001010100101101111101011111000100001011011011010100110011001011010101110110
7494	1000110000101000010110111000110111101101001011100100101110001101101001111010001111010100101010100100
886	0100000100101010001000110000010111011110101101001101100010111001101100110111000100110001010110110001
9593	1110111101101000101000000010010011010101110001101001001000011111110011110100100011110101000101010000
9835	1010010101101000111010000001110101000001000100000100000111001001100001110011100000010101100100000000
6792	0000000000000001110001001100001101100111100000111000000101011101011000110001011111010110000110111010
21	0001100011011111000010100011011001011101000011011110100011100001011100111000100110011100100001001110
2496	1100001101011100101110110000010010111000100101111010101111010001101011110111101010000110100101011000
1671	1001000010101100001101011110010001111111010010100000001011110001100000000110010001010000001010101001
6552	0011100010001010011111001110100001010010101100010101000100000001111110011011111111000010000100110110
4365	0100000101001010011100011011000000000110010001010110111100110011111111011111010111001001001010010010
337	1101100101111111001110000101111001111000100110000011011111100001101001111101011111011110100010000100
2609	0000100111000000001110110111100001010001000100111100111000100100101101010101001010111011010000011100
2191	1011110110100110001101011011110110011101000010110110110110110001101110000010000001101111011001010110
3977	1100000111010111010010011010010001010010110000110010011000010111100001100111011010111101011010111010
8687	0101110011010001000100010011001011110101111001011110011011010100011111000001111100110000001101000110
4952	1000111110000010010000101101111110001100001111010000000111011101010111001010011001100010010110111011
4127	1111011101111111010101100101011001000010110001011111011100001100000111110111111010011110100101101000
3614	1110010000001111100111000101000010010100010101010010010011010001010010001011000011111001000110011110
4472	1110011011111111000101011100101100111000010010100101010010000100011001110001110110110011010110100001
1852	1101111100011001011010100000001110010000110000111000010100011000100010100011000110100011111001100000
5542	1111101110111000101011110001110010000101111100100101101101111100101011001011011011100101100111011100
7019	0100111001100100100110110100010011110110101101100010010111010111100110001010001101111100110100101010
8920	1111111001010010111101001101011110101100101010011001000100101100100100011110100111001011010110100111
4326	0101011001011111111100001001000011001100010000001000010100110001101011011111010110000111010100101100
4486	1111011100110001000001100010111001011101100100011101111110111010001101100111001111110000001100010100
4959	1010001101101111111101001000111001111001110000000100000110010011110011000000001101011101111011010110
7825	1011110100101000101100100001111110000100011000111000101000011011011000001100000011000101101010000010
8406	0011010011101001110101101001000011011101001000111001110011000011000011110000001110110010100011111001
8707	1110011110101100011111100001010001000101011101110011110001011110011011101011011111000001111000111001
4528	0000100000000001110011001001100110110101000001011000000000110100100001111010101010011010111110011101
8747	1011111110110001101111111011010001110100101001101100111111110010001101110000000010101000110101001100
9852	0001111110001011010011001111101000101101011010000101111101001010011001110100101001011101110000100100
4622	1111111010100110001001010011001111010011100110001110011000010011100000011001110011011000011111110110
4233	1000111000101001100101101001000011110011110101110001010010110110110010100111000100010111110101100011
456	1001000010100000011111100110111100100001001001101001110000101110011110011101011010110001100011011100
5291	1101111111100111010111001001000100000110101100110111001000111100001100001011011001101100101100011001
6929	0110000001011001001010111001100010100011001001010110001110001010100011111110110010011110010100000000
5170	1011111110000001010001101101001001000101010101100000000111100000110111101110000011111101100001110010
1036	1011001001011100011001111001110100100000111000001111000001111001100110000010110100011101000010010011
2730	0010010000111011000100001111101010100000100100110010001111111111001001001000100100001111100110101010
1531	1000011101011001110000011000101100011000010010000111001010010001111011111110111011001111111110000000
37	0101001111110001100001001011001000010100011101100010100101010101000111010101100000110111000000101101
2522	1011010011100110010110000011001111101000000100010100001100011111000101110000000001101000001101001010
4620	0100101000000110100101111001001110110110010000111110011011010101100010010100111110011000001100101001
1039	0101101010100011010001001100011000000011101100000110101101101111101110111100111101110000000100101110
9200	1011100010011001000001111000100010110111111101110010101100101110010011100011011100100011100110010111
9313	0111000101010111011111010000001011100101100111110001101111100000101101101101110010010011100101010010
6578	1001010110011100100111100101101011001001100100010110000100100000101100111001001010011101100010111101
9351	0100011110100110101101000011000001111100011101001100110011011010100101100000100000111000000001101011
2182	1000110001110100001010110011101110010111110010001011101000100101101111110111100110100001001000011110
1257	1101100011001010000111001101001110000000010001110001000010000101010101100011111011011001011110100010
5391	1111100010110110000000011110110111110110011100001011010000011001100001011100000001101010110000000010
7374	0111010011110111110111110000010010001111010001000101000001110001111011011001101100111101101110000100
