Size = 100 
Clusters = 141 
14	5	0
46	3	96
95	81	40
33	79	72
67	63	6
50	43	63
72	82	55
39	58	3
87	3	45
50	19	18
41	43	13
99	63	90
9	77	30
28	19	7
40	14	16
66	79	93
77	57	6
47	58	21
76	69	24
49	62	67
91	70	84
45	92	97
92	32	52
49	7	80
7	29	11
9	35	37
47	46	49
47	63	19
68	94	22
84	58	66
78	94	44
86	53	72
85	31	25
58	85	85
47	36	79
76	37	43
99	67	27
67	70	97
93	84	5
87	13	45
55	77	29
91	53	7
24	12	81
45	7	87
95	8	72
49	50	78
51	73	33
97	13	14
40	77	38
92	7	48
39	33	11
81	29	42
57	20	97
58	93	61
23	95	9
32	89	50
99	28	37
22	48	99
33	4	65
59	79	98
43	82	0
52	29	86
70	36	46
64	25	42
27	95	23
59	44	57
40	11	89
26	23	7
65	88	31
18	53	61
11	34	46
80	84	88
29	19	27
66	31	28
59	73	83
10	74	91
49	3	8
51	47	1
74	58	66
56	76	96
14	0	55
37	50	55
13	97	70
78	78	26
33	88	14
46	65	83
27	6	9
12	55	8
35	32	30
90	97	30
79	29	31
71	62	81
2	86	63
33	19	67
17	4	41
44	98	31
36	99	57
87	48	57
49	31	87
48	51	29
49	36	18
85	35	0
3074	1010001100000101001101010011011110101111100011000101010000001001011010000101110001010111011100110100
5442	0110111111111110011000011110000001100011001011111100010111100011111110100011110011110100100010110101
1728	0010011111011111110111011101011100110001101101001110001010110001111000001010101111100001100000000000
4076	0010111100011110011111011100010001111111010010010000011100110110111001011010011000010110000011100111
7049	0010011000101000110111010111101101010101111011010001011111100110110111000111111100101111101111101000
7511	1110011110011001100010111000010010101001000000101000110000011100000101010100101000110001101100101101
4260	1011101100110101100001101111110110100000100001001010100010101000101101111111011001010100011001000001
291	1101100101001101011100111100100100000111000100000000111000011101011010100000011100101111110000011010
4741	0100100000000101101110101100110100001010010010001011101011101010010100110011110101100101011011100100
2711	0100100111100001110101000110101111011000001100011001100100001010001101001101101110100111010010010001
5746	1100110111001000110100101000100010001110010101000001010001000010011001000111101001000011110100111100
6299	0010100110001010000111000001111101101010010110011001010011110011100110111011100001001001010110011000
9737	1101001101000101100110011111001001101001110111101010111000010101100000011001100100001011010100010000
690	1011110011111000001110100001010110010110100011000101000001100001001101001000001101101000111010010001
5086	0111100100001001010100010011011000110111000001110000010010110001110001101000010110000010011110010110
2028	0110001100000110110011110001011101110000010001000110101100100100010010001100100111101010101011111000
890	0101000000010001010101000010011010111000001010010101011111000010111110101111011111001110111110011001
7610	1000110011101100011110000110111000011010001001010110100010101110000000011011010110101101111001011000
1079	1100100010000111000010110000111011001101110010001010000101001010110111000001011101001100000111111110
965	1111101011100101010000100011000111010010100010110011111010110000001101100110110111011011100111011110
4483	0100101110001100011101010100000000000100110000000010100100000111011010000111001110011111000111000100
2646	0011110111110010111110101100011001110011111001001111101110000000001111011110011011111001100110011010
6730	0110011001100100010101101010001000101101110111100100001011101110011101000000110111111111011010101001
6958	0010010100001111011000100001001001011010010101000100100110011011101011110011110000000111101000101100
339	1100000010011000111100010011100000111101101100000101111001010011010110000010100100010011000100010111
4668	0000011010011101110011111111111101000100001011111111111111101010110011010110101101000100110110101100
469	1101100110101001001010000101010000110110001001000011000000101010001001011101111101000011110010011110
1931	0011010011111011101100100110000010110100010010001011100010001110110111111010010100011011111000011001
9594	1000000011100001000000100111101011110011100110101101101011110101110000011011011101111011110100000101
2286	1010110010110101011011010000001011110011000101010101100000000011010101010001100001100001011011101011
3838	1111010000010110101011111111001100000110001001101010101001111000111111010101100100101011000101010100
6533	1001110111101110011001110101101100111100000111100011001000100011011011000000110000100110111101001100
6307	0000010100000111111100101000000011000011111111001101110000011010011001010011000011110010010010010010
1779	0100110111001100110010001110001101000010010001011000111000101111111001000100110010011001001010000001
1748	0101111100101011000101000110000001111111011110010111011000000010001001110100100001110111011011110111
2998	0100100011010000110100110000011111010001110010101001110000011000011011100100011010101110000000100011
7699	1100000000001011010001111111010101000111001101011101101110111100011000110011011001011010001011101101
2697	0101000101000000101010001110111010000101000010101101010110011111010011111011001111111000110001011101
2102	0000001000011100010011000001100111000110111000100110100110100000000011110101110111110100101110011100
1187	0110100100000110001011101000111101000101111000100001111100101101001110101000110110110101001101110110
3667	0111101010001110100100000111010100101100111000011011010100010110111110000000011000010011101001100111
2601	0010001011001101111001011111010001000110100010100000011100110010011101001111010101101110010001111100
9811	0111010101001011111010110011110011000001011100010101101001111010011000000011000010011001100000011110
6015	1010000110100000101000111010010011011111010110001010100001101000011101011010010001101101000010000111
2505	1010111110111110011100000001100001011101100011010101110101000000100001010010000001010010110000000101
396	0011000111100000101111110111001111001110011010010110010101100111011111000100001110000001111010110000
9057	0110110010100010011100111111111101111100000010101100111110011001010001111110110101011110111010101010
2748	1001100100010000111101010110001000000100111010000111010100111100110011001111000001001010011000010111
2429	1110110110100100101001100111011101000111101011000010101001110001001111110001010000001011000010010110
3276	0001001100000110011111111010100111001011001110011011000010100010100100110011101110011001001101111010
4545	1100100110111100010001110011111010001010111010100000100101111011000100011010001011000111101010000100
2245	1101000110100000001001110000001101101001111011101000010110101010100010000010100111101010001001010101
6874	1100010010101110010100111000111011001000010110101000000110001001100100011011101110101111010001101010
2285	0000111000000101101100100110111111100001011001000110101011000000010100101100010111001011001110111011
2818	0101101100001001110101010000001010001000000101111110011111000110111111100100011001101000100100000010
3673	1100110011010001010011101000001000010100000011011111101010010011110100111000001000001101110000010111
419	1110110000110100000111110011101110110010101011101111010101001100001011101111111111100100100101000000
4092	0001010101111110111110011100101010000000011100010001101000111011101001101000110110101000000011101011
2069	1000111000100100100011100110111010100011111010100110100001111011011111110101000101111100011110100100
8666	0110110011000010010101000101100100111101110010010100101100100011110010000000001100101001111110100000
2232	0101010010000011001011100000111011100011110010010101001111100111100100011101100111100010100100001010
6488	0111111001111111001100000000110001110000011101110011001000100001110010011000001000011111111111100101
9377	1100000010101000010001111000111010000010111001011000001001011010010100010001000010001011100000000011
5959	1011110001010010111000101010011011000101101010111011010101111000110001100110111111011101110010010000
2185	0001110111010010000110100100111110011000000111111010001010011111101110010001111000000100000010101100
1633	1101101010110111010100011110110011000011011011110111001111010010010001010001101100010111010101110101
8087	0000110111001100011001011101100010111001011010100101001010011110110001101001010100100000101011010000
9222	0010110101100000010010110011001001101110010011010000010000111010000001111001100001111001101010000100
4842	1001111100010111101100010110011100011110000010101001000010010111110011111000011111111010001110101001
4734	1011101000110110000010100101001011010101101011100000111101011110101011001001111111110011101100001111
8456	0000010001100110010010111000010010111011010100110000000101100000101000001101011100010010111100010111
1333	0000100101111101000000101111001100101010101000000010110110010101100100011101001100000111100000000011
5399	1010001001110101000101000001010001111001000101110000110010100101110110010111010000010100100011100000
7554	1110000010001101010011000000101101101100010011011101101011101000100100010001010011111001100100011110
9012	1111101101111100010010010110011111101110110111110011000000001101010100100001010101010001010011000011
7618	1110101101100000000110101100101011000010111011010101101001110011010110011110010101001111100000011100
1704	1101110001011100110010011110000001010010001000011100101001111001110011010011110000111011001110110010
5217	1011100001011111001110011010111010000111111110010110101011110011100100010011111101000000101101011100
8998	0110000111100100000010001000101111110110100010111101100100111101011110111111111011100010011010110010
3449	1001001111101101101010110010010101010101111000011110101111011010010000001110011010000110001100011001
2424	0000000111111110001100101001101001011101110011101001111010100100110101111010110111000011111000010101
5535	0001101010000000100000111000101000101010000111011111010010000111100000011101011100100011100011000111
2894	1110101011100101001100110000110011110010100011001001110001111011101101010110101111000110010110110010
9534	0011011101001011110101101100000101000110110110001010000000001001000101111001001011011010000101101000
3955	0001000010100010011100101000101101101011000111111011011110100100101101111110110110000100010000000001
2105	1101010011100010001010001001011100110001001001101001001010000111110000011100010100010011111010000100
5983	0001111100011000101000101101111010010000011001010100010000010110101000011000100111101111100010101010
9484	1101001111101000011101100010100100101100100010101000110000011110000010100000110001110110101111000011
2141	1101011101001100010100001101111000001100111001101111010100111011000110110110000101111111100011111011
7176	1101110101110110101001010100111000111111101010100010011001000001110010010101000111100000001101110100
1050	1111111111011111111000000000101100001111101111101110111110100111101000100000001101100110100001000001
9772	1010010110101010001010010110110111100101011100011011110100100110010110001101000011011001101011010100
954	1110001111110011000100011001110110011100000110000001000001110011010010110011000001011111101100000100
2130	1110100110011111111011100100000100011110011000001000111011011011110010111100000001010011110111011010
2409	0100010100101011010000111011001100001100001100111010001100011101011101000000011100010111111010001110
1145	0000001001010011011110111111010000111110101011000001001011001101110100011111000101101001101110110101
8011	0100001011011101100000010010000001111011111011111111101001000110101100001101101101001001001001001110
4371	0011100001110101100010111000001001100110000011100100010000011110100001100000110010111111100001000110
1024	1010110110110011011110010111000001100011100100000100000111000010100100000101011100100010010011110010
8195	1001010100001011100000010010001010100011001011011111001011100100100010100010100010000010111100001000
182	1010101000100100011110011001100110101010110111001110000001010010001100110110011100000000111101100110
9516	1001010011000101010100110000010001001101000111101111100010111010001111101000100000100110000101100111
7697	0110100011000010110110001100010110011110010101001111010000110111011101100110000001000010010000001010
6162	0000100001100110100110101110111100101011111000100010101111111011110010000011010000010000011101110111
7017	0010000001100000100110110000011101011101011110000110101110101010000000010101111111110001101110000111
1706	0001100011010000101100011000110000001100111101011000101111000101100011101100100100100111100110000100
4719	0001001001000101000011111100000101110001001010101110000011011011111100011111010001000100100110100010
7837	1010100100011110010000001100011111111101111000101000110100000001000000001011010001110101010000111001
143	0110010110001000001001111101110100001001011101100001001010100111101010101011101011000100000101110001
2458	1100111110110011001101011000010011100011101010011100110000011000000110001000010101010110101111100000
628	1010101111010010001001010111011101110011110101000011111010010111001100100100001000111100010111000100
9627	1001100101101001000110011100001001110011100001001001011011001011001110010111010000011011111111001010
5923	1110011110000111000111010100111111111010001010110011110010011001110011000111011101001100101010110100
3178	1010100110001001001011100010010011001001110100100111111011111010101000101001010011001001100111101100
7398	1011111111000001100001111010101100000100100010000011000001111010110000101001101010100011110100001100
6265	1100000100100000010010110000111011011001110100101101000100111011111110101000110001001111100000111010
6132	1000000101110001111101100110110101010111111010100010010101110000100110011110101101110001111100011100
7315	1110100111101111111010000101110101101101110111101111001011000011011100000000010011100011100000010000
4247	0000001110101101100110000010010111111101011101110100000111010100101110111110001011111111010000010101
1532	0010101000001110101001011111001001010000100100000110100011001111111000000111110111101110011101000100
2250	0000010010001011011101011111110001111011011010000100100110010101011110111000000011110100101100001001
1094	0111001010101111110000000010100000111011001100110010001101011111111000010010110111010010101011010110
7851	0101110010110111000000111100001010000110000101110111100011000101101010101101100101110010101100010101
9113	1001101111000011010001010001101000001110010111011000101111000110001110110000001001101101000001110110
6423	0111110010111000110010011000100101000010010010100001101001010010011001001110001000001011001100101000
7748	0101001110011111000001111101100011101111110010000001011010100111011000000010000100110000101011101111
8687	1111111101100111110001010110111101100110111000000111010101100001111001010001100000010000010111010011
1843	0101111000000001100000001111010011001100011100001100011010111010110100101101001000101110101101011000
2113	0000100010010100110111110100110000110010101011010000100001110010011011110101010011001110100001010110
9282	0111111100001010101101101101001010110010011110000101001101011001110001111001100111110101010110111101
8360	1011001110100101100111011001011101111001000010010110010111000011010010100111110111001100100111000000
9637	1000000001010010000100110101001100101001110011111100110100111111101000011110011111111101000010100110
1759	1000000001011010000000101001011110110100110011100000010001000011001110000001111011101001110011010101
1564	1010101001100111100101010100001110010111011000010001011101001000110001101110110001010010101001110000
7034	0100101111101010101011111011000111011001101011000101101001110001001100110100010110110010000000110000
65	0111000100011100011111100000011011010101000000110101000010110101001010011001111111110011011010100000
6625	1110100101101011111110001110011010010000001000000100110111111111100010011101000010111100011101011001
8041	1101111110010010110000010101000001100110001010001111110100110010011010110001001110000000010010011001
6441	0001100101000111010101010010101011101101010001011111100000000110000011000110100001111000100010100111
7671	1010101001000101011001010011100000000010100000001110101111010000100101101101101010110001001110110101
8036	1010101011000011001000100111001101110000001111010110111011110001111000010011011100101110110000100010
