Size = 100 
Clusters = 199 
26	53	0
76	39	36
53	60	40
86	24	26
39	82	63
9	74	95
52	16	8
84	18	80
68	2	56
9	55	93
5	40	94
10	79	42
34	57	31
14	75	4
5	6	62
12	89	5
86	96	69
66	89	45
24	81	41
52	96	66
64	21	71
29	91	7
95	23	6
44	58	86
43	50	63
72	1	83
16	19	36
24	43	85
92	3	74
89	66	9
97	56	16
80	35	47
62	81	96
14	67	26
13	23	49
77	36	79
24	21	40
15	89	11
63	78	13
73	78	12
88	5	21
5	90	49
57	66	70
48	28	48
15	25	27
55	11	73
48	50	25
9	65	23
17	12	23
39	29	2
61	68	6
82	92	96
99	52	17
61	5	29
36	53	0
88	36	67
54	52	43
14	0	77
11	88	43
33	63	47
57	33	83
24	83	83
26	16	59
26	56	73
94	68	0
20	62	48
21	81	23
4	10	93
42	62	81
76	11	81
85	82	43
94	47	11
79	4	46
86	6	18
94	1	46
82	82	97
98	68	19
13	51	95
89	51	10
15	85	3
36	35	6
15	40	66
38	36	28
29	54	31
8	73	96
60	72	57
69	42	51
23	43	87
87	34	3
69	31	48
13	3	65
13	80	44
56	95	63
15	75	34
40	28	45
23	56	52
14	85	9
89	15	93
72	88	19
92	23	23
42	92	96
35	53	0
8540	1100100110100000101100101110110011111100110001010011001000001000001011111111111010000010101000100011
3515	1010111110101101001001101011101011000110010010111010011010000100100010000100000111011000010111110001
6245	0111101110110111000010000100111001101000001001010111101111100000000111110001101000000110111110010010
2656	1111101111011000001000010001001001110000000000110000010111000001101001110000001000011100010000100101
6437	1000100101110101010011110010000100110110101110011111100010100100000100111111000110101100000010011110
1805	1011010000000011010100100000011000100101001001101000010010101011110110110001111010011010001101001101
5373	0100001100111111010001001000111011100010011000010011001101110001110000100010100001101101011101000101
2634	0101011100010110100111100000111110111000010000100010000011010110011000101010001011101000000110110101
5158	0111101000000010011000111101110000001011001001111111011101001110010001111111110101111010000111011100
1274	1001010010011010100110100010101010110111100110111010111011110111100110111000001110011100001010000111
1100	1001000110001010101101100010100111010010111110010101100010111100101110111010100110111000100000100001
6035	0110010010100011110001011000111000100000100010100011111100000001101111110100100101010100111110110001
1373	1110010000001110111001100100000010000001100010100100111111001100001010101101011011010110111110000000
6529	1011101101101100101011111000101010111101011100000001011001111101000111111001110111100001010110101100
2652	1011000000000111111001000011000010101111101110001010111011100001111111000011110010110010000100111101
3106	1101001011011001001001101100000000101111101110111111101001111010100000001101110111100010000101100111
4424	1011000001100000110000010101111110011101010010000110010101001000100111101101010101010111010001110011
874	1101110000001011100110111010001100101110000111100111101100110111100111000010000111111000101100010001
9822	0000100110001011001111110010010101001011001110010111110101100101001010101011010000001000100000011001
1533	0100100000111000001011011000011011000011010100100100000000100100011110000100101000001100010101101000
1270	0010010111001111001010110011010000110100010001001100101110100111100000101101010100101001101100010001
5610	0101011111101011000100100100111001111110011101001110010010000000000101011110001001010001100001011010
10000	1111111010010000100101000001001101100010011100000010110011011101111001000011011000001101010000001110
2982	0110110110010101010101000110111001000001111110111111010111001011000100100111010111100001110000110000
5756	1011111010000101010011100110100100110110101000001101010000010110010000010011101100000010100101100000
1016	0111000110110111101101001011001010001111010011011101011000101100100100010011000001010111110111111101
9679	1110100011101110011000011111111101100110110111001011010101110010101010000000000000001011111001000110
917	1010111000100111001111010011000111100011100100010101001110100101111011101110110001100111100011010001
6441	1110000000110000011111000010000010101101111010101010100000111010011101111010101000000111110101010111
9727	0000111001100100011011100001011011100000100101001011010001101001000010001010111101001011101101011001
4575	0001111001110010010100001100101001100010000101101100000101000110011110111110011000110010011000101000
8854	0000011001000000101101010011011001011101100000000010100011011001000101111010000110000100100100001011
9499	0010011001110010000110011011101100010000110110111000001101110010111001000111111111101110001101011000
5876	0000001011111111010111110000110000010011101001000000110110011111111110010000101000111001001100010111
2248	0100011011000011111101111100001010101010011111011010000101110100010100010001110100101110101100110111
9907	0100000010001010110001000001110100000100111111000000111110010101111101000001101101000101100111011111
8611	1100100111010001101011010000110001110011101001100000111010010110100101101111000001111000011110101100
3034	1011010010010111011100110100110111011100101110010011101110000000010001010110101100110011001000010110
7266	0011101001110100100010101111101011101100111100000001110011111101010110101100000011100001000101011011
628	1101100000001100100011110000110100010010011110000011101000010000111110000100001000100101000111101111
6038	0000001011010100110010010100111000110100100111100001000111001111110000011011000001011100000001110011
8148	0100110001000010111100101100011111010010101101100011110111110100110011110000100011010111000110010010
9668	0000011011101000000110000011010010111110001110111000001000111011100110101001110000000111000110011100
2134	0000011111000100110011110100101011110101101110101100001101110100010010001001111011001010100110000110
2069	1000000000000011111000110001010111011000001011010011001000101101101111111000010011001100001100011010
7290	1001011000101100100100010011011111011111011110100100110010111100110001111111010000111001010100110100
776	0100110001101100100000111111110110110101010001011101100010101111110100000011100010001000001111100000
2330	0101100101000111010111100011001001100000000111010110011101000001001101101100011001100110000110010110
62	0110010001100110000100011001011111010010111011100000001011000100011110010110100001010010100010100001
415	1100001101110010110111100011010111111101001110010001011011011000111100000001011001010100001100001110
1155	0000001110001000110101000011111010010101001011110000100110000111100011011000100101010000000010001101
9103	1010010100100001110100010011100010010111011000011001001011110001000100011110111111101010010100010001
6147	0110000110010000101100011010000010100011100001010011000111101100111101101111000100001011101000000111
2626	0001001011010100010010011001001110000101111101100001011010001011101101011001110000011100111001011011
5636	0101101010111001111001001110110011100011111110111110001000100111101000010110100100111001010100011010
9090	0100100101101000110110111000110010110010010001110010110000011110101011000100100100000100101101110100
1260	1110000111000000111111001111111001000110001100011101010101000101110111111100101001111011011011011111
6387	0101110110111100010001100101100110110101100100100100000111101110110111000110001000110110011111110100
7002	1000110110010010000110111111111010101110110010001110011011000100010010010110101011000011101110100000
8499	1010111010011010000010000110100110100011110001000000001100101010110010011111101010100000011000011011
6265	0001101010001111100010010100001001100010010001010110100011011100010111010000000111101100011000001001
9863	0100111111101011001111100001000000001001001011111000101010010110000110100110001000000111111010010010
4330	1101101011111111001000010111001000110111001010011110111110011101001110000110100001011111110001011011
6139	1110100110111110111110101010101110110000011000001011111011001111100011010100000110000110000000000001
6778	0100000111110011111010100001011101111010110100010010011111101111110000100000001101001111010110110000
1535	1101111001111001001011011101011000011111100111000110000110011010000011000001111001001010000001101001
7121	0010100011011000001111100000000001110010000010000111010101111110101001101000110010101100001000101000
9581	0111011111010100100000110101001110101010001010101011111110001010000000001001110101011111010010011100
6737	0010011011110011010010100110100001001110000101110000101100111000101110101100101011011001001001000011
7782	0101101100101000001110111000100111101010011101101100001101010111010101110101001000111100110010110101
1046	0111010001101000100101011001111001010110100111000110100001000111100001100101001111110000101010011111
2299	1111011001001101011100000000100101101011001011110010000011011000001111000011111000010001010000010011
1175	1011100010110101010000100101110100001000001010011001100000000010110101000011110000010101000110111111
8682	0011111111101101110011101111111001111110001001000111010101010011011100100110000000110101010101001010
6004	0110000000011110101111000011111000011001100001001101011010011111000001100001110001111001010010011100
3514	0110100110111001101000110100001111000110000011000100101110001111111111010011011000001001010110001101
3407	0111100000110000011100110101110010101001011011111000011010000101100011010111010110111101001100101010
7020	0110100111111100111111000000111001010111111001101000111100111110011001000100101100110001001100111110
2294	0101111111001010000101110111000010111001101000001010010011000000101110010111011011011110100111000011
1623	0011101100011111111010000001010101000001000111010010101001000001110101001000111110001000001001011001
3240	0011001100100110100010111010101100011001001111000100000111010110001001100101010011100111101000010100
1290	0101101011101111111000001001011011110010111101111110011010101011111000011101001110001101001010001011
1154	0010000111110011010001110010111110111011011110110010001100101110000100101000111110100011111010000001
3115	0110110111000100010100111011111000010111001001011000011011100000111110010111001110010111110010110000
1877	1110110000001100100111000001101011101100011001010010100010111010000001110000100111011111100000000001
1069	0111110110101110000010110001101111100011000011111101111110001000111000000010111111010101101010000101
8235	1000011111101010011100011100010111101001010100100001101000011000110000111001100100110011011101101000
621	0011010111000110011010000111001010100110001011111011111000111000000100000011000001000011010100100000
2433	0010000011011000010100110011000001100000001000001100111101101010010110101000000000011011001011111110
6622	1110100010011011011101111111101001010101101101000101110101011110101111011000100000100000011110101011
9009	0111010100011001001000101111110100101101000010110110000111000110110100101001110011001101111000011010
1382	1001011010011000101011101001101010010100001110010010111111110111111110100111101011111101000000010101
2175	0000110000011100000100110110110011001011010000011010110101111000011001010011001010011010000001110111
6669	0110000001011100000101011111111101100110100001010001101100110001001010000101101100111001000010110101
5339	0101101111001000111100000111110111110110010010100110101100000111100010010111011111111010110001100111
1483	1101110001000000000100001101111001001010010000011100101011110100011001000011100101000100101100110111
8368	0000110100001101111001001110111010011110100110110101110100101111111000100000111010011001100011000111
613	1001110011001001011010110010011100010001010101000000011001001101110101101010100001101101110101001011
4328	1011001011111000101010100001101001000110100011001011111011110101000101111100001010010010100010100101
7734	1010111111011000001011011111100111101101110110000010101011101001111100000011010000010110011110110001
265	0000011000011011001100101000110011100001100011101110111111000110000111100000111011000010001111101000
6394	0000011001000101000000011011101000101110001000100111110011010101001011000111110000110010000100110000
370	1101111111010110111001001000000011100011000111101011010110110010100000011000101010000010011100110101
8565	0100111001000001111110100110010101111111110010111101000100011101110111101001011001011000111100110101
9907	0100010111000101011011111000110001010100110000100100110011101001000000010000000010110011011011100001
9220	1110110010110101000001010101100011011001000111000100110101100010011000001110001000001010111110111100
6003	0011100001101001000100010010000001000101101000110110110001000110111101110100010110011001110110100111
3654	1111111101110000111000100100011111000110011111010010000100111101111001001000110110111000101010100100
3043	0111001000011000100001101000010110101110010110000101011000000101110101111111111000001111011111000100
5536	1011000110100011111110001011010100001011110011001001011111001101011010010010100000000101111000000011
7388	1111101100100110010011110101000011011101010001001001001100111101101111110011111001010101111111010010
2578	0000000100101001110010001001000010111001110100101011100110010011010101000100010101111001001100100010
3900	0101100000000001000011110100001110011011111000101011010101011000100000011101010000010000100011001011
2564	0101011000010100111000111011011110010010000000000010000000000010000000000110100111110111010100110111
7411	0110011111100100001001000111111110111001111110110001100100100100010101010111100011101110110100010010
5434	0010111101101011000010111000100101111010101100001000101000110001001010101111010111000110011001011100
8052	0100111010111111000100101101110110111001110101010011011001110000001110000000001011101010000101110100
1187	0111100111010110110011000100011000000111110001010001010011111000010011111010101110100000111101010000
9309	0001111100110111000110100110111101001011000110001000111011011100110101011101110010001100010010111111
9727	1000101000000000100000110011000100100000101000101011110111110011101100011010011101011101011001111010
9716	0000110011101010111100110000010100001100100111010001011100101111010011100000010001000110001111111100
7857	0111001001110001110010111100111001000101011001010111110110001111111001010110001111111000110110010000
412	0001111101110011110111101111001001111001011000000101010011001001011011111100110101010001100010100010
2471	1101110011010000010011110101000111001100000111101100011010111110101000100011101111010101011110010101
4516	0000101101000111000010111000101100100000001011010010000001010100000100010000111110100010011011010100
7945	1000111001101100100111101011000000110000011110011100011011101100111011001010110011111101010100010101
329	1101010000111111011110101101010100101010010000101010111011000101000100101110010001000101110110001100
8556	1000010010001101010010101010100111100100101001010100110111111001011000010000000010110010010101000000
5094	0100011100000110000101010111111000011100101110011000001100010010111010110101101000011000110111111000
2812	1100111010010110000101110100111000000000011011100100001101101111000110000000010111001000110110111000
1125	0010010100010000111100100000010010110001101001101010011011010000000011000000101100000001001001011110
5429	1101111100001000100100010000101010000100111111000010110101101011000101010011101111111000100001001010
5088	0000110011111100011000010001000000001101111010000101011101101111101000111111110011111010011001111011
717	1100110000110001000010000100001001010110000111101001100101111101011001110111010000010011101101011100
9068	0101111111111010110101111010101111110011001111010110000100110101101011010001001110100110011110111001
42	1100001100010100100100111110111111100011100101010100010001110111101011011001101110111010111111001100
7168	0011001011100000111101111100010100111111001001101110010001110001000011110011000110110110000100100110
3994	0001111010001000010011110011001101101111100110011100010000101100011000001110101001010111100000110000
7659	1011110000100110001000101001001111010100001100101000001010111010111100010011111111011011010110011001
1044	1001111110001101101101110101100111101111010111101100111000111010101111010010100000100001001011110111
7850	0001101100010010100010010001010111011010110000111110111000100011011010100000111110001100011111100011
6925	0101111110100100011000110100100110101100101010010001011100000110100011010000000010111000110010110000
7492	0010011110111100111011001000110110101000110100001010000010110000110000000010111100011011100000101111
8179	0001100011000011100010111101011010010110111000100010011001010001110001110001001111101111011011100010
3749	0001000110101001110000011000000011010101101111010100110010101011111001101000001011100010110101101011
116	1010100101110001011010101010000100101111011000101111011011111001110001001000001001011000100011010110
1311	0010111000011100001001100011111010101110001010001110111100010000101000110110001110001001101101100000
4628	1111001001001000011000101110001111001010111010110111011110100010010111101101110010000000000001000100
2407	0101001110011111001100000111110011000110101011110011101000000100101001010010111110110010111010101000
9196	0100000111111011110010001101011110001111010100101110001100110010001001001010000001001000001100110101
5010	1101110111000110001001011111100010010011110011110110101111100010100010001011111101100011110101111110
2722	0110000000101110111100101100111101011100011110001000100101101000101010110000000011110110001100111010
2541	1101111100101010100110011000111011010001100101110011011010000001111101110011010000010100110010001011
6885	1001111001100001001000111100011101010111110011111011000100100001001010101011111110000100010000100111
8643	0111110101010101111110110110101110100100000011111111001000001101010000110011110100110011110001001010
1372	1101001010100010111001001111010001000111111010100000111110011110111111101100100011000010001110101010
3919	1010101101101100001001000010001000111001000011000010110011011111111110000010110111101111110100110011
8529	0010111110110010010011001100111111011111111011001111110000001101011101101111011011001101110011011000
1132	0110111011010100110100110110101100010001111010011111101011011000101000110101011111110111111101110110
5190	0010010001101111010101100100101111000011001011000100111110001100111101100010111111100101011111111101
611	0100001000010110110100011000001110010011011000101110101100010011011111100101101101111010011100101110
8495	1011111001101000100000101101010101101110010000001010111110100011101101010010111010101000010111000111
7489	1010100101011010100110110000010110011101111101110100101101111010001100100001001111001100111001101101
9812	1100011010010010010000101111011010100110000110001011001100000001101011101100010111100001110010000011
1856	0101101111001011001010001010000110000101110000011011100100110110010000011011001000011111010101011111
4103	0000100111100001010100011000100011001000101000110101001111111110010100100110110110001011001100100001
5614	1101010001100011000011010011111111101100001011100001100000011001100110101110010001001111110111001110
4276	0100111000011010101100001111011101011011111011011111110110110111001000110000001111010000010011111001
726	0001110111011111010100001001011100000011011011101110101000000111100110010000011010010010010111010000
6821	1111101111101001001101000101101111100101110111101000101101111011100100000100011110100010111101010110
4451	0101101111111011001101100001011101100110110010101110000101010111010100011010001101001110111001100010
7482	1111101100010010001101111001000100001000001011011111100000001010101101011010001001101011110101001111
1148	1001100110001100111010100111000011010001001110101001011010111001100010111010111000110110000000110110
8475	1010111110010001110110100100100011000110110111010011011011100111010000010000101100001100001011100010
372	1111101001101011110001001111000010111001111111100011101111100010011001111000000010010000011100000001
3874	0101001101010000001110001011111000001011101100000101010110101110111101110000000001100110101101101000
5625	1010011011100001000110111001001001100010111001111111111010000110001010010010010110001110001000011100
482	1010001110011100110010010001100110011111010100001110010111111100010001100111110011011001110011100110
2492	0011110001000110100111011110100100011100010001100101010111010010110111100111011000100000101111000010
881	0001110011100101000110001111000010110011001110001000011111011110111101100011101101011001011001001110
198	0100011111001000110010111100111101101001110000001110001110100101110001001010001000000101000011101011
2817	1111100101000110010010010000100101010001100011101010101010101100111101000001011100000100101010111101
8898	1110111001000110010111110001001110011011111101100000000101000101100111011101011011110101111001110101
1149	0110000101110100100001010101100011100101000000110111110010000111110001110000101001111000000000010101
7011	0010100111111010100111000000101110011110000011000010001101000000101000000010011001101101011000100110
2849	1111101001110000111110001111110001000001000001000011001000011101011011111110000001001000011101111010
3230	1100001010101101101011111101010101011010010001010000110000110000011111000001100111001000000010000101
4845	1101011010000011011011001110000010000010010111010010101101010000000111100011100011100011100001000000
7465	0111011110111100110011111110100101111001010011001000100011100010011000000100000111100110110101110110
6463	0010110100100101111110000100101010110100000001100000101100011101101011101100100110111110011111001110
4221	1111000100010111100100001101001011001001000001101100100000101100110001101000111101100001101110010111
8915	0001000100001111101001100011001110111110101100100111001010001101110110010101100011010101100000001111
1408	1110001110101100011110100010100101110100110000000110000101110001000110001111100100010101100100011100
4835	1001001000011000101001110010100011100011001001100111000101000111101000101110100011011111011101011001
2722	1001101000000111011110000111111000000010111111011000110101101100111100100010001101101000011000100011
1337	1101000100100010101101110111010101000001100011000001011100111001101111100111110001101101100010100010
4897	1111101010001000110111110110100101101010010010110011000000001110010011000001110001011011010001111010
8640	0111010011101010011001010000100000001010111000110110001110101011001001111101001101101010100100111101
3119	1001110111100010101010011111011100111101101101011010100110111000011110000111111101100111100000110101
