Size = 100 
Clusters = 118 
32	16	0
23	41	84
92	32	8
35	18	50
61	71	71
91	48	50
52	12	68
94	96	15
59	60	27
51	12	90
50	54	8
83	13	17
19	4	87
87	62	67
18	42	93
51	44	47
57	83	64
96	41	67
82	0	90
95	78	20
91	84	44
36	48	86
41	96	35
41	15	80
13	64	35
91	92	54
97	48	96
65	28	36
77	40	4
56	59	20
36	64	77
79	20	18
91	93	14
98	98	87
75	62	78
94	15	76
68	40	47
50	99	55
77	8	11
63	60	31
39	27	24
12	99	45
18	97	84
8	75	31
71	79	69
12	18	6
53	34	90
51	85	38
62	82	26
28	47	89
79	2	91
71	37	18
49	95	98
87	2	1
85	20	74
44	67	18
98	52	32
36	35	99
6	80	85
81	31	12
99	95	92
32	65	11
85	52	77
17	25	74
36	85	43
84	99	5
60	50	48
91	87	95
19	59	5
43	98	18
38	2	33
28	23	73
22	38	90
26	96	53
89	39	68
25	38	76
13	89	51
69	80	32
59	31	6
73	48	6
5	4	4
42	2	58
34	91	47
86	68	87
76	39	91
64	24	58
29	90	51
88	99	80
62	92	70
50	48	23
58	21	42
99	84	14
36	90	83
28	44	2
77	76	68
29	63	4
39	82	67
49	81	94
83	91	92
84	55	69
88	39	10
65	34	0
2083	1101001010111110111110000111110000101100100001110001100110111000001100000011011011010111000100001000
4083	1000000010011111011010100011100111000101110010010011100000101011000000011000010111011011101001000111
5956	1011010101111001100101100000010010111110010110011111010110010101111000100100001101000011110000101100
2184	1010111110100001010011101000110001011011110000111111010100011011110000101101101000010010000011111111
5784	1111101011000110110000001000000110101000000001001110100011010101000001101000000000111110110010111101
3785	0011001110010100000111110010001001110001001111110001011001101010011100010110110110011110111100010001
716	1101001100001000110001110001010001010011011111100010110010010100101010110100101001110010000000010100
1289	0011000001011101011011100110010000010111000111100010100101001000111110111100001011111101111100100011
3331	1010100011111000111100111010000100001111110001111001100101000010100010110000101111111100010110011101
8731	0100111010010001101000111101110010010110100010001100011110110110100011100101101010100111110001010101
9956	0000011001000001010101010111100111110000100101101111101011100100010001101100111010001100001110111100
648	0000011001001100110110110011111101101001001001001000111111001011110011011101111000100001000010100011
5374	1000011001011111010111110001101011111101001101001101101111010010110011000001111010010100110100101000
6777	1000100100111011100110010111010101010010111100101001010011001100101000101101000100111001111111010111
6664	1100100001111010001001011000011100110101010111011111100111011000111001111010111101011001101101001010
47	1001001001101101110110100000111110101000110001100110110111111100010001100011100000101001010101010011
2429	0011000001000111000110111110111111110000111101010100001011011010011011100000000001110001111001100001
7793	0000001001100110001011011100001000011001100101001100100101000110001011111101001011101001111110010011
1726	1100001010010110110110001101101001110000111111001101011111000111011001010111001110110000100100010010
3269	1111100011011011010111010110101010001100010000010000000000100001011101001010001100100010101111001101
2499	1010111001010100011100100000100111101001111100011110100010101111001111110111110100110100100010010010
7172	0100000010011001111011011001010001110101011110011100000101110001011010000100011101110100111111010100
788	1000110101100001100011001001011110101001110000110010011101011011101101000111000100011110000010100100
891	1100010011000011010110111101000110000000000011110101011101110100101000001110001011111000000111000100
7676	1111011001001010111000000000100101100101001010110110100001101011000010010111101101010101111111101111
8859	1010011011000110000101100000010010111110011110001001110001101000100010001011101100110010010011001101
854	0111111111000011110001101000100010110100001111110001001011101111010001101111001010010101101111100111
4680	0001010001110010011010101001101101010110101011001111111110011111110110110000110100100011000100001111
7624	0000000110000001101001110010001110110110001011111110011000000101001111110010110101011111101000000010
6234	1100000111001010010011000000110000011110001110001101010011101100100000110011100110001111100011101110
8260	1001011110000011110011100011101111110101100001001100000101010101101000010110101101011110111110100010
8449	1011101111110100110000101000101110110001111000011110011010101010111010110110000001011011001110001000
708	1111001010111011001000110001110000000010000110100100011111000110110100110111001001010001010110000111
836	0101101001100001101101111000100110111010010110000100101110001001001110100000000000010110010100011011
4179	1111011101001101110101100111011010011101110101001001111111000111000000111110010010110110111010001101
1212	0100011110000100110110111000011001011010001101110111100110111010010010000100001010000101010110101100
5135	1010111011100010000111001011101100100011000110000010011100101110010010100010010001100101100000001000
8961	0100011101000011000001000111000001011011110011100001011010010100000001100010001001101001111100001001
1634	1010010001000011111011010101001110001100000100100011011000100000011001101010110110111000001110010101
2118	1011100101010111100010000100101110010001110010010101111101100011011011100111110011010000011101101000
8699	0000100001001000010110101101100111001011110011110111100111111111101110111010101010110001000000010010
6558	0010101100111101010100101101010101000101011110011110100010010111111010101100111101111100000110111101
1871	0100110110110111101011000010110011000011101110100010110010010000001100011011011111000101011101011101
7923	1001000010100000111101011001010101011011010010110001001001111000010010110111100000011111100100100000
594	0011011111010000110110101001010111100010110010000101000000011100101010101000100000111110111111001111
7555	1000001111000011011111000000110001000001100011011000111010111101100011101111011100010111100001000101
4507	0010011110010011010111001111011101000000100010111111110010111011100111001100000110110101001001100001
790	1110011110101010100010001110011110000111110001010101111100001100100100111010110010000010101100110100
2186	0011110000100111010001010101111010100101111000101111101011111110110101100011100000101111110100000110
2650	1001011011100011101000000110101010000011010110011010111111010111010110001101011011000000011111001110
5467	0110010000111010110010000111010110110001110111000011000000011001001101000110101000100100000011111000
3330	1111001111001011010111000110000111000010010001010111011101110010011010001101111010000111010011101000
2524	1010001000111010100010101101010001110110101101110100111111011111001000011101110010101100100001100111
7070	1000011010111100100111000010011101111100000000010001110000011100001110101111111101010011011100101011
1600	1011010111010010110001010010110101110000011000101011111000001110110101011100010111101011100101110101
1439	1010011111010010010111000110011110111101011000001011010111100110100010000010100101100010001000110101
5921	0100011100111100010110110100111000110010110101000110111110100010010111101111001100101010100001111010
6497	0110000011110101110110000110000101011001100111101010110111101000100000100011100101001010100110101101
2136	0000011011100110101111101101110000000010000000110010001010011000010100110111111110011110111010111001
1856	1001100000101001000110111100011110111001111110111101101000000001000010110010000100111100010110011010
1245	0010000000110101001100101100111110000101100110111111001011010000001100111100100101101001010001000100
914	0100100101010100100111000011010001000010100000101111101111010100001110001001010010101001100001100010
4006	1011100010110101110101101001100010100011010101000011100011000000010011011010000101011001101000011000
1587	0011000000100010111100001010100000000010000100000110010111110010001111110001100111101101001111111010
2736	1000010010001011011111110010110011000100001110011100010000110100101000011111100001000010110011010011
8142	1100101010001101010010010000011111100010101111111011101000110101011110010000100000100000001110101110
6447	0100010110010000011010001001000000001000010000111100101010111011011010000111110110100011010101011001
1226	1011010100010100011100001010110000110000001100011110011000010000011100100101111100100011100000101100
8858	1001000100011001111110110100000100011100110000100111001011111110111001000110110001000110001000101101
6390	1110011110001001000110001001001000101110011011101110101101011001110110111011111010000001011010100011
9606	1010101110010111100011010100000101111111100011111100100100011011010011111110000010111111011001100110
1002	0011100000100100000001110000100101011010010001101000001010100011111111010110100100001010111100010011
5359	1101000100000101000111101000010010010111111010010000001010100010011010110101000100110011000010100111
2674	1100001100100111011100011011100101001111010010011001010001010000110111001111001000001000101011100101
682	0100110100010000110110011011110101001100101001010101111001100001010000010101110100101001100110011101
1409	1000001100000100010100010110111101000101011011010100101000010011101101011101111010111011000101011111
2875	0010101100001000011001110111100011010010011001111101000011010111110101010101001000111111100000110000
84	1110100000011000101110111101000111111001001101100011100011000010011110001110011001000110100110010000
7134	1101110101110100111010001011010010110001001001100010001111000010001010111001001101101011100111000000
1277	1100101101010011011101101100110000111100011110110001011000100010011010011101101111010110001010101010
5703	0010101110110101001011010001010010101011111001011000101110010010100001100010110011101010110101101000
6479	0000001101101001001110010100001111101111000001011001110001101100010000001111111111111111011001110011
9705	1100000010100101100101011111111100110100000100110100001000110010110010111011011000101101001100111000
202	1100100000001011000110111100100010011010101010101000110110111101111000111011010011011111101011011101
2252	1110000010000001111000101011001011110010010010000110001100100101110110000101000110010101011001010101
968	1101010011100110111010010111101110100110010111000001110101111000010000100011111000000010111110011000
7550	0101000110000101010001001000101001001010001010101001011101000111010100110000010000011101100000010100
1884	1011001000001000001110110100010111010000111100010010001000001011000101101011101110110101001000010011
8711	1101110110011001011100101001010101110010001011111111000100000010100010111011000011100010001000111101
8893	0001110001011101000011010111110011111010000000101011001001111010011110100110101011010000011000000000
1166	0100101101000000011110111110101001101101000001100011101100001000011010001001000010111000111010111001
3757	1001101011100010111001010001001011001111011110110000011010101011111001111111011011011110110110110000
285	1101011110110110001101010111100101110111010001000110010001100101011000100101000111011110000111111111
7381	1001110101010101001000001101001001001101010111000011110101100000010111000101101011010010000100100011
1836	1000001111001011001011110000110001010010000101011010100111101000000010000010111011000100101101001000
5624	0100010100111001111111111110100100111001111100100011011100011101001110010000111011000011010101100100
3232	0000001000111001001101011011101110111010000010000011111010011011001100110110100000101100011000000101
2184	0111010101010110000100000100110101010001111000101010010001110010101110100011011011010100011010010100
7489	0011111000011001101011010001010000110010001001101011111100100011110001011101011101011011000011101100
6967	0111110111011100101101001011101100010011101100011000010100101011101011101101001110111001011000100111
6066	0111010000010100011110000111111100100000101010111010101001101111100010101000111110101000000001101110
8320	1000100010111000011110001010011010011101100010110001110101101001101011010110011001100110100010100101
2257	0011001101000111110000101001010100000010111111110101010011110111101101111101011011101110110011111100
730	1110011001001110001011000111001001011010101110101011011010101110110111111000010110011100011100111001
4057	1100010011011101111100010000001111110010101011111111001101001111001110101111111011010010000101100000
2015	1100001110000110011111110100011101110101110001000100010011001111000010100111100101111011000001010111
5341	0100000010100000001110011000111111100010010010100011001000001100110000101101011111011110000111001111
2185	1001111110001101010110100111000001111010101101010111100100010111111001100000101111001010100110000101
8339	1110001010000000000111110010000000011100100011000000110010110110000001101111100111111001110110101011
1379	0111110111101111001001110110101011101001011000101010010111001000110001111001001111110110111110011001
4953	1110000001110111011100010011010100111001010010011101011011011100001100100010001000000011000000000100
43	1001010111001110001000100001000011001010001111001011111010000100000001100000000011011110000011000111
7595	0010101100111001101000001000100000111101010111011100111010000001010001000000110111011100101000100110
3927	0000000101100011000010001100110100011010000010111111011001000011011001010100000010100000101001101000
4737	0100011011001110100000110011011110100111001110001101000011100110001001011010111110100110100111010000
8423	1010010110101111000001100001101100111101110101000101110111011101101111111000101101101100011010110000
1308	1110100000001010110110100100000100011111000101001100011010001011010011001000010000011001000011010001
5003	1100011100100001100111000110101111011010011111101010111000001111101101111010001011101111100110000100
