Size = 100 
Clusters = 190 
69	98	0
60	25	13
10	22	32
55	37	40
69	36	33
25	70	21
41	23	43
2	28	27
44	11	61
37	15	72
69	70	22
82	14	84
93	46	25
52	55	56
5	11	61
70	61	72
78	1	46
29	45	38
41	73	55
45	19	90
90	79	9
59	88	20
76	10	73
57	85	82
0	47	90
70	64	85
38	56	2
44	71	67
22	59	18
13	33	7
33	89	78
68	74	43
78	85	90
66	1	88
46	58	71
39	0	31
95	17	76
27	53	0
4	36	30
32	63	15
92	7	83
95	32	23
11	10	31
81	53	9
53	29	61
91	44	14
91	77	87
74	81	29
55	33	59
27	53	83
62	33	46
4	50	86
16	5	89
59	52	1
70	60	33
6	1	0
78	30	71
23	0	45
84	77	1
25	93	57
45	89	35
9	67	18
36	31	60
82	59	71
15	47	72
73	79	38
71	70	88
92	41	34
1	13	39
83	89	97
58	13	81
54	34	31
18	88	93
91	14	74
60	56	86
34	43	97
58	9	88
38	89	69
89	44	0
84	93	48
43	11	57
12	76	35
96	30	91
13	40	47
3	96	46
86	99	80
42	77	17
19	90	0
62	90	92
40	45	69
5	3	99
25	55	26
98	24	91
62	24	93
60	69	93
38	40	50
25	36	33
7	64	99
44	97	70
7	89	90
73	38	8
72	84	0
4259	1001011010001101010101011000001111100001010000010010110001101100010100111101010011111110101010110001
9299	1001001110101101010100010000010100000100011101001101100101010110100001010100001111111010001111010110
427	0010000011100101101001111011101001100010100101010100100100011100001110010100000110101101100010011110
6277	0010100100110011100111100000011011111111011010100110011011011011000001011110000111011110001100000000
3245	1000001111011111000001111111010000001000000000010101011111110000110000110001110010111110011111111100
366	0000101110000000110010011001011101110101100001101001010001110100101111101010101101100010101110001001
7098	0001101101111010111011000010111101011100101101110011100000111001100011010001110011011011010000001001
7345	1100011001101000001010100011111100110011010001101000100101000011111001110100000001011111001100111001
6603	0101101001001100110011101000101100110110110101000110110000110010111011110010101111110010010110101011
687	0101100001101000000100110000010010000101001110000110010110101100100010110110001101001110001011100011
6520	1011010100000000100111110100010110011010110000000101110001011110111111001111011110100011011001001100
2149	0011110110101010001111010000010101110000110000010110010010111100001001010010000101011110111110010101
890	1111111010010001110010011110011011100011111001110111010111100100101000011100110101000111100101110011
4811	1101001001011101100101001000001011011000101111101011110010000001001001100101001001000010000100100110
667	0011000100010110110001110100011011000110111110101111111001001001000111111011001100011001011110000100
1487	1000000011101000001011100000101001101110110010100010010000101010101011111010100100011000011110100010
2132	1101010100111011100000110111011111000011111111000010011010110111101100010111010101100010000111101101
8318	0110000001000000000001110111110001010011110011111011111101100100101111100111111011000101110011001110
4836	0111001000111110011100100001001111001100010110010001010000011111111001011000010101111100010010001111
9290	1110001010010010111000001011001110010011000100101110111100011011011010111001110111010001010010010110
407	1001110101110101010000001101100000000000100000111100011000001111010111101110000101010000111011001100
2981	1101110011001001000101111010001000000000111111100101111010111101010010111100010100011011100111011010
429	0000101010011110001111101100110011100110000010111100100111011011100011100110000010111100010011101101
927	0101010101110011011101000100110100011000000110000001110000101100000001011100001011100010000000100100
4213	0111101100101011110100000100100011101100101001110111110000110101010011110101110011111011111000111101
493	0100100110101100011001000110111001000000001111000000010100001110001110000000011100111011011000011001
5106	0101111101001000110001001001011010111100110011000111011110011101011011111011011010011010111000111100
7978	0101010000000001001101101101110110000110110111110111000111011010100111011000011101000011001110111101
3869	1100010010000101111100011011110010010011010010011011001101010001000000001000000010001001100000100010
2550	0000001011001100001010001001000110101000001101000000010110011111001000000100000101101101011101001000
8884	0011011001101011001011110010011100011110111010101001000011010100110011011011101000010011110100100101
5264	0010011110101101010101101101111011011010100001001110100000011011001010110111111111010101010010110100
5898	1001100000101101111110110101001110000100111110011001101010011101110111011100001010011111100101000000
8059	0001100101110001001000001101000011101111000100100011011110101011010111111001000100101101110100011100
1339	0101011000110110001000010011010110110010001010111001100110000001011001001011100101111001101101100000
959	0110010001000111011001011011110111101111010100010101100100100001101110101100001111010110101100111011
4250	0001110000010010010000111011011100101000001000100000101011100110010000010010100100101100011100000101
5237	1100011000110110100100111011000101011011010000011011110011001100101011011011001100001011001001001001
6812	0111101101100110000011011011000101001001010110011011110001011000101101110001010011110001010100101110
2197	1000010101010101000011100001001100111010101001100011000011101000000100000000001101111001100010111101
6033	0010111001001001101010100100010100011110001011001011001101000001010111100101101011011110111001011100
9998	1101001001010001100001110011111111010110100110110101001100110101100010111101010000111000010011010111
7227	0010001001000001100110101000100101110101010100001001000111100110100101010010111001100011100000010100
2709	0011101011101010111110100000100000011001011010010000000010110011111000110011010000011111010000110111
4654	1110001101101000100000011110100000110001010000100010101001010001011001110101100111100000000000100101
5636	1110101001001011000111011011010001011110011001110011110101110100101010110110111000011111110110010000
498	1000100000111100101101111001010110001000111100111110010100011001011010011011101010110100000010000110
8103	0111011111010111010111000001010011111111000100010101110010010100011110100001111010000100010001101111
2686	1101110001000111110011011100101100110100011010101111000101101000101110110111011011001110000110100101
2254	0000101110101111001100011100110001000110010100001101001100001001111001011101001110100010010001100100
9666	0000010101011001100000111110101110011100101000000011000011001110100101001010010011001011101110101101
9183	0101110010110101110010100010001101110001000000110010100100010001001100011110100011101011101011100100
1023	1000111111101000000010111101110011110000110101111001110011111100100101110110000001011000001010010100
2819	1101010100110100011110010101110011001110000000110110100100111111100010001011000110110001001000111101
1993	0001011100111100011000010100110101110000000010000000011000001101010100100000111100000000010010100001
784	1111001000100101100101011011100010000100110111100110110100010110111101111101110010101000110101000000
1287	1110110110100000000101100011000000100011011110011110111001001000000110101100010100000011001111010000
2585	1110100000010001100110000111101000011001111011000001100000101010010110100010000101000101000000110000
1284	0011101001110101000001001001110010111100101111010110111000100000000000010101010011011001000110110010
177	1101010110110110101110000010010000100001101000111100111101010110111010100101101101111001000000101111
1254	0010000111000000001101111101001000001101101011111001001011001101011100001111111010110011011110001000
7978	0010010001101100011110001111101000000100000111001010111100011101001010101001011001111111001100111110
4535	0110010111110010111010101101100000010100001101101011100011100001111000001101101100101001110000011101
1009	0100101101100101010011011001100111011110110011110111110101000010101011101000101101110110011000100101
5800	1110000010001100101110101111101001101000001001011001000110111001111011010001101000100101101111110110
3741	1000100010000011000101010001101111101111011001010101001011111100101111001000011101111110011111110001
5994	1110000001100110000101011010011111001000110101001011011111111010101000000011010011111100100000001101
8967	0010000101000111110100100010001010101111111011110110011011010101001011011011110011110011010110001001
3327	0011110011100011110011100110101110110111000000110100000111100101101101001101000000010101000110110111
6372	0111010110011110101001111010011000110001100101000101111111010010011001101110111011001011011001000100
3765	1011011010101010000101110010000110101011111000011001100111110111010000111000100000011110011001010101
2381	1101010010110011100100001111001001010101110100110110000100011101011001111111111010101110010011101110
5505	1111100101100110001001101111101101110011101110000110000101110001111101110101101010110101001011001111
977	1001110011010010001101101110001101101101001010100010001111100010011110011011011100110010000111000001
8639	0100110101110100111000010101010110001000010101001011010001011101100100100100110101111101011100001011
9021	1001010100011000111101100100010001010000100110001010011010010101011010110010111001111110100000011110
925	0011010101011100111011101111110100101101010110101100100111001011101110010111110110011110010111010000
7614	1011000110000000001010111000001111001001011111101011100100011010011101111010100110001100101010001111
5810	1110110000001100000000000110010110100101110000101100100100111111010000100001011101001111110010101000
3836	0011011000011001110101111100100101001101101100101100111100001111010011001100000010100100111101000100
515	0000000011000001101000111110111000000101011000100110110000111101101100111011101101101100000100011100
29	0000001010001001100100110100100110001100111000111101011100010000100100100011010100100110010011011010
4275	1000010110110000011111011101101100101101110101000110101010110001000110000111110111011011001000000011
8438	0011110110110000000001001101000010011000010000001001110001110000001000011100010000100001110100010001
1444	0100101101110001011011111110001101100100110110011110111001110110000001111111011110000101100101101010
4748	0011100101000111011100100011101010101110110101001001001010000000100110111110101000010100000110100011
4992	1000011010011001010100000110000101101011010011010010000100001000001100010011000001000101111111110011
4313	0001100011111100111000111000000111001010010101110111101001101001110111011001010101101011100110001101
5687	1100111111101100100010001010101101111000110101001101010010001010100000010010001011110001100011001101
45	0100101011000110000010100100111001101011000101010110010000100010100101100101101110111000000110100011
3243	0100110101011101110110011111001000010010010001101011000111011011001011011110111111101101101001100011
6549	1001100101101100000001011011101000010000100000001001101101100001010000110101010010110000001010010011
4269	0111000100001000101111000111011110111111100000010011001101100111000110001010000110101000000011101001
1029	1000101010000101010001010011001000100010100011000000011010110000011001011110000101100110000101101111
4566	0100001110101001000100000011110000011100101110110010100011000101010100010001000110000110111001111010
1300	0000101101000101000010000001001010010001100010011010010100101110110110100011101010000101111110100010
6470	0010011111101110010100010100110011000010001110001001101101001010111000011110111111111110001011000010
3154	1111101000111110110111000101000000101000001111000011100110110000111100110110011000110011111101000010
5870	0101101010111101110111111111111100011000000010111011111101000010011100100011011011010010000000100110
9319	1100101001110100010011001110110110011010010011000001101100001101111001101011000000011001110100100010
821	0000011001100010010100101010000100011011010011011100101011000011100011010000001001000000110000110110
9954	1101010100000001110001011000000100001010001111111001110110000110011111110011110100110011110010010100
1549	0011100100111100001011101101011010000001101111111101110100001111111000100001110001010001000111111101
3696	0111011110111101101000000101111010100100110010111110101111111001110100110011000100011000011001011110
6098	0010011000111101010000010011000101011110000010000011111101001000100000110010110010100011001001010001
9425	1001110101110000000101010100000111010101001111110001110101001101010010000110101110110010010011001110
2970	1100111111110110000101011101000000011110001000001001101010010110011010101111011111000000011100001110
3063	0111110000010100011101111000110010000011000110011110010101110100110001010100000100000001000110100100
8254	1010101010100101000100000001101100010101110001111110011101001000100011010010001010100101010101100111
866	0111000101100010010011100010000100101010000000010111000000101000101001101010100001001000111000001111
5027	1000110011010010010100000011100010000011000000111000011011001101000010101101011011000001011001101101
2390	1001111100010110111110001111001000000000111101111011111000101001000011101111100000111011010101110010
3468	0000000000001101001000110100001000111011010000000101110001101001000111110000010110100111100101101010
9090	1101101010110111101101100100111100010110110111011010101010011011100001001100011001110011010010010001
2573	1001111100111011011110010111110100101000100011110110100001000000001001011010011001000110011000110010
9111	1110110100011100110001000100000100100000000011001111000010010111011001011011001101100101001101010110
8317	0110000000001110011001000001001010001010010001100111001110001001110110011000010011000010100110101100
2089	1110011110110100111000101000101000011110011101110110000000100011000111110001110111000110010001100100
5339	1110000011111100001101001111011100111101010011111000110001110001010010000110010010000011100111111001
5777	0110011100101111000010001100000010010001001100111110001001001100100001001111110111000001001011100010
6828	1000110101100101100010001011100000100100110001100000001000100011001011101111000101101110000000110001
2930	0001000000000010001010101100100010001011111000110000010110000111010010101000000011001010000100101011
6477	0001001100101000100100100011100111000000100100111011001111101110001110110101111110100100001000001100
2958	1101011110011010110001000101110110000110001001001001011100011101001101100110010010011011001101110110
1387	0110001100000011100010100101100111100110111100001000000110011011011110101010101001010111110110001100
8108	0111101000100010001000010001110001000111011011010111101000000000011100100000100000110010000100110101
7802	0001011110010111100101111000000010100110111010111001111100110000111001111100110000110001001011110010
1921	1111101111100101001111110111011000110101110110010000111111001100010000010110101101000101000101110110
2172	1110011111110100110011100100001011110010001001000001101000011100111011110010110101100110100100000111
8225	0011011001010101000000000111011011000111101010110101000000100100100111011111111101100100101110110111
6241	1001101101011001011111000111001010010111000101001101101110100001101010101000011010101011001000100001
4341	0001010001100111101000010101101101010011100000100011010010001100001001111100000111010000110110110011
5220	0110000011110001101000100010011110000100111000010110001101011001110001101101011111010110000110011010
8135	1001001110111010011110011010110000001010011001000101000010101101110111101011100010011010111100000000
1164	1100010111111101011100011010110111100101011001011111100001001001101111101011000101110000011101101110
7176	1111111101101111111110100011011111001100000001100110011001111001011101111111111111101011001011001010
8957	0111010101111000100101000111101111110100001100000100110011110010101001111011110100101101011011101000
6261	0000001000000011011001010110011000100000100100010101000001111011111100110001100110001100111001011101
8997	0111101001001100110100101111000100100110000100111000111011000010101100101010110111000011100000001000
4585	0000001100001010101000001010101111000100000101000011100010010001110000100011011010010101101111001010
570	1111101111100010011001101001100100010001010110100011110001101100100101100101001101011001000111111111
5319	0101000000100000010110000010000101000111100101100101001111110000001101011101011000001001101110011010
5677	1001101101000010010101011010101110111111000010001100100011100110000010111110110001001011100101011110
7167	1010100001100000110101101101010010100000000011011101010000101001010100111011110000010101100111001011
528	1011010101000111011110011101101010010101011111000110101110101111000010011111011111100101110000011001
309	0100000010001000010101111010011101110111100111110000111110000001001010101110111100100111100010010011
1194	1010100001001000100111000101011010010100101110110000001010101101000111011101111010011111110000011110
3804	1101001000110100010101011000100110000001000110001000010001001010010010110000101000110001010000101111
3043	1011011010000111100000010011100010011001100101001111010101100010000110100000101100100100000000100001
1360	0110001001010010110100101000011110101000001010011100000100111101101111100001100011001110001000111100
816	1000011000100101001110101100011011010001011000010101110111110001011001101010100110101100011001111000
9138	1011111000101010111011001011001010110011001001001010100101111101100010001000001000101101010111001110
3118	0010010110111000001110110110111011010101100101000011100001101010001000101100100110100100001110001000
255	1000010111110010001010101101010001100101100011110100100010001100111001011111110011000011000001111101
4739	0011011110111111011111101101000100100011111101000001101101100000101010011111001101010010110110000110
8580	1110011110011111110000010000100000111100110001110100011011001111011000000010111000101111100100001101
8599	0010111111010010001111100111010000100001001011000100011100101001011111111001111000101000000111100111
1593	0011001101000011100001001101110111001101011110100001110010001011101000100110100010001100100011110110
3244	1110010000100100111111101000110010000001100011000010110000000011011011011101101011100101000000001001
1119	1110001000011010110111011100110010100011011010011000100111101001001010100010001100110011000010100011
5537	1010000010010100110001101011111001101111000000110000100101101010000000001010101111101000111000010000
466	0011010100000001011110100010010011101110111101100111101011010111001010000111011111100010110100110100
8938	1110110010111111001001001001100111001000110000110010000100010000011000011100111001000100110011000101
7978	0110001001010101011100110011111010111100100010101011000110110000011001111100110011001101000000011001
6995	0111001011110110011100001111000100101001110010111111010010101110110011011010100100001011110011110101
107	0100011101100110111011010011111101110010101110011010011011110100101110001100000010011110011110011110
2714	1100001110110111001001000100100000100011110110111001110111101011111100000011001000100001100010000001
2475	1001111101100100111001100110010111010111010110000000110011001100011100010110000000001001011100001011
3593	1101000011101011111001000110000111001101100010101111010111000010101010000110000001000110101101100111
7525	0011011001101001010001010101001001111101000100010111111101100010111101001000010111010111000011101000
8217	0100001000101011001110001000011010000011011101000100101001111000011000000011010101100110100100000100
9420	0011010000101011000010110101110000100001001110111101010101000000000000001001001101101111000011100011
2089	0001110101101000000101000111001110111101001000010100111101001000011100100111100001001101000010011110
8566	0011010100110010010010111101001001010110011000011101101000000111000000100101100110000100111001100011
8232	1100011010001100000100110110100000000111011110000001100111101001110001101000000100111000001101000000
5726	1011011010000100100010010100110111011111100011001010101011101001010010000100011111111011101010001000
7976	0101010010110011001110001011011100001011011101001111101011110111101000101010011101111001111011001010
4142	0110100111011100100110011101001110101110100011111101111011110100101100011000101111100100001110101010
6097	1000110000011001011110110110010110111101101100000100011010111110000110100100001000010011001000111001
6732	1110110000010100000111001000001101111010110000001011101000010001011101100011101000110101000110101011
702	0000100101010110101010011100010010100011100000010110000111101100101010000110001111101001010001111101
8891	0110000001101101100111000100100100111000101101100101001000010001011001100110111010001110111100110111
4921	0011101111000101100111010000100001011010011101110100000101001100001001010110100000101000111001010100
5282	1100101100011001110001110011100110000111010010000011001111111011100101010101110101010110010110111110
6870	0101101001010101100011110111100100110100101001001111011101000100101000011000101010001011111010101101
2316	0011100101110011100000110010001000010100110101000101001001000110000000010011110010000011100000010011
5574	0011111001001000100100101010010101110010110001011011111011001000001011101110100011111011000000000111
366	1011000001101010101010100011111111001000000101000000000100010001000010010010011101101110101110100001
2810	1101011100110001001100101010000100000011111000110011110010001010111100111010111000010001000101101001
2595	0111011110100001001110001110100100101110101100011101001100100111001000001000100111110010010011100000
