Size = 100 
Clusters = 125 
56	20	0
98	33	57
27	58	61
68	66	44
47	63	49
54	28	90
93	76	97
60	68	97
65	55	89
50	83	13
9	90	65
51	18	83
90	81	18
7	36	54
66	61	9
61	94	2
8	55	92
21	13	34
9	86	71
44	70	69
98	15	27
96	45	81
23	44	61
93	44	32
21	70	76
22	83	31
42	67	64
72	28	23
66	60	92
24	24	84
36	79	33
39	31	72
92	20	19
87	66	3
81	21	7
1	29	34
86	11	61
57	77	15
82	56	52
91	51	80
18	75	91
56	49	59
6	79	56
30	63	58
23	37	69
6	33	60
25	61	94
64	47	47
89	61	82
34	39	87
54	17	85
88	30	50
59	89	48
19	99	68
21	60	38
20	65	34
34	3	33
67	4	98
94	56	63
66	57	85
20	37	22
18	9	0
11	39	56
20	54	87
94	87	46
87	85	89
40	87	0
64	72	81
82	30	33
78	2	46
28	23	90
82	73	59
24	55	72
55	23	10
47	66	84
85	82	17
24	28	60
67	96	71
47	11	9
38	77	54
28	71	53
92	89	24
14	97	50
7	43	44
54	89	40
42	22	86
45	8	35
55	25	12
92	1	31
79	49	91
74	52	47
31	25	98
26	89	9
78	88	88
18	92	64
40	95	8
96	65	78
52	77	90
26	78	92
52	45	92
25	6	52
16	60	0
2500	0010110110011000111101000101010110001010110001101100111010000110101010011000100100000110101010011110
5	0001000100100011101110110000110101011010111001010001101010101011001001010010010000000000111110100010
8878	0011010011111110000000000101011100011110101011010101110000011101100000110010010000011110111110000011
9239	0101111010110011010110101101100011111111001001010000100111100010010010101011010011000111111010001001
8672	1000111001011001101101101011111101100100101011100110000100100101110011111011000000101101100000110111
7670	0111011001001100110101010100101011000000000111000001110001011100111000000000101110110111110010001101
4658	0010011001000011010100110110111101110000010001100110000110001010100000100010011011110111000000111001
5770	1010011110101110110100000100001101000110111010000010010000110101000111110010111111110010111011001110
7532	1010100011001011100010100101101101101000001111001101011100000110100100001010100011101111001111000011
8865	1111100011010100001111110001000011001101011100011100100100101110111110010010101011000101100111010010
2031	0101110001101000011101010011100011011000001111101101000001111100110110110011010000111011100000110010
8851	0010001101101111100110000010111010010010010101101001000010000110010110101110110100101000010111000001
8531	0001001111100001000101110001100101010010100111011100011100010001100101110100010000010110010011110001
6486	0010101010111101000111101110100111001111110010010001001100011110111110101000100000011001010001100100
9934	0001001111100011010100110101011101001100111011001000110001000101011111101011010011011111011001001011
3183	0001110000001101100100110111101111100111010110011010111011101010111100110110000101110011110000100011
701	0111110101101110000000000100000010100101000011011110110001000010010110010101010100010011100001110110
4939	0000011110101010000101010001001110110011101001010101010000100011110011010100110011100001000011101010
193	1100100010001010010000111100011111011111111000010011001100001110000010010010100010010000111001000011
4466	0011011001110101111000111100101101011011011011111101100011000111010010110000001000110100001100100101
502	1011001110001000001110101111010100010011100001110100110111010011011011000110000011000101000010001011
1166	1000100001111111110111000111111010111101111000100111001000101011010100111000001000100001001001100101
344	1000010010010111001000010110010100110011011000100000111101011010011100000101001111111101001001100110
6150	0010101010111001010100011000111100110111111000100111110100101100100111100110001101010001001111011101
6341	0110101011011001011011111011110111001010110011100000100000101101101101011010001111010010111010101100
3926	1101100011100010011001000101001010001111000011010111111010101111000111000100011010100001100111000001
200	0010101101110110001111100111110101011010101111110111101110110111011111011111110011100000001110111101
7335	1001110001001111110011111110010000110110100101010111000101011101001110101111000100101000110010000110
6026	0011000001001011111111011111010011010011101000010101111101010100111110101101101011101010001100101000
7131	1110111001100111011010010001000001110111101101011000110001000010011001011011001110100101010110110100
6345	0001000001110111010000100111111100001100111000010101000111101000100111100110101101011110011000010000
1037	0001011010101100111000011100010010110001001111011110111000011000101101100011101110101000000100101011
2777	1010111100111101111010110011101110001110100011110011110011010011000101111100111011011010010011100111
7608	1000011001110000001001011000100001111000101001101011010101110111101111000001111011111010101100101010
8366	0110001000011001001101011101011010111110001001000100110000110110001111011111011000110111000000011010
2328	1110001100100100100001100100001010010111101001001010100001000011000110010111100010110100010100111000
1302	1111110010000001001100110010101101110000000001000000011001111110011101101010100110100011000000101111
2461	0011100011001101000010111011000010011000011000000011100100101011011111111011111100011100110110110111
6362	0010110011100000100100110000111100100010001101000001011011101011100011110100101010010010000011011010
3699	1111100001000011010010100011110010000101000000110100000011011001110011011110000110001111101100001100
3409	1000000111000000110100110101001001110111111100011010010101001110110100000011000101111011011011001001
9017	0000011101010010010001101101110001100110110000110001000110000011100100000111000010001110000110010101
4768	0010001010101010010110011000001011000001011110001111001001100100000011000100001111000000000000100111
4354	1010101010010111100110111110100011011111110011011000110111011010100001001110101100010100111101011000
7876	0101000010000110101011010001110000001110100000011010110011101110101111101001111100100101101110011100
2231	1010010101110000111101110000001111000001011110001101111111101000000011000110100110101001111101000000
363	1111110101000101001010111100110011001011101001000011000010000011101000010010110001101001001100101001
2077	0101110000101110010111010010111111001101010010111001010000011111000011000101011101110001101001011101
826	0000100100100000001001010110111001110010001001011101001010110111101001011110011000111110000111001001
5767	0011110111011001000100001110000000001100101001110100111001110100101101010101000110010100011110000110
1631	1110101011101111100000000000001000000110110101001000111110100011111100110010100011101111100011111111
8641	0000111011000000011100101010001000000010010111111010101100010100111111101101101101111100110100110000
2418	0011010101101010101001001001110010100010111100000010001011100001000101100001010000111111110110011100
2081	0101101001101010001001100011011101101010010001100110001100101100100011100101100111100101110001000110
3055	1001000001010100010010001000000110011010000000100010100011010111010101011110000011100000011110110010
4180	1110010000000111101101100011010111011011100101001110010000100100101111010000111000011011011011010011
8851	0110011100010011101001010011001001110100000101000001010101110111001111111100010101100010011110101011
5109	0000011001100010000011111101011110010011010100010110110000110000111110111010101100010000010000111100
1344	0100010010011011001101000111101110001001110011010001001000001100000000100010111111001011010010110111
8120	1010111000111110000010101000110011100000111011111000101000111100101111010011010010011100001000111101
7202	0101111011000011101010011000101011011101001111100110010000100011110010010010100101101100111110001000
7974	1010011000000101110111110011100001101000001101001110100000001101000000101001011011000111011111000000
3949	1011111000100110010101100010000101100110011101011000011001001100101100000011011111110001101101010101
9316	1001111110010010110101110011010110000110000010100101101010011010111001010111100001010110000110001110
385	1010111010110100000001000001010001011010001000011011110100101101011011000111111000010111010010101111
8839	0000011010011011111010100101000001011100010011001010001111101100101010000000111000101000101001000100
4108	0111100000101010001011111111010101101000111101101011111000000001011010100000011111110000100110001011
7439	0101011001101110000010110110110110011010100000101101100110010100011010111000011000010110110011111110
5306	1101010101011111110010111111010000010010111100000010011101001011010100101000101010110101001010011011
726	1011001101111100011100100110000100010001111111010111011110010011001111100100110011111010110010111111
5985	1100011001011111010010101111010010000111100011100111100011011101000100011001100101000001011010110101
7662	1001011000111111010000000011010001101101001110001101011101100101011110101100101110000001100011011101
6572	1011010011000100000010101000001101100000010111111010000000111101001001111110000100000010110111101001
392	0010001110001010111001101111001011001110011111111011110000110001101100000001101110010011011011110100
9233	1011001001010000010110101110000111011110010000011101111010101000011111100000011110101000011001011111
1920	1011100000101010111000111110010110001011110000111000000110010111000011001111100100101100111000010110
3748	0011001010001011011001000110001100111001110010111000011101111100111010110110011000100011111101100000
5652	1001111100010100100011011100101101101011000110111000010110101000000100111110110010110001001001010001
8249	1010101101000010011000011111001100101000101000010010010100111001110001010010111011011010011100011001
1383	1000011110100100011001001010111001100100000000101110010010100011101110010001110100111111010011111111
63	0011100111101000011100110100110100010010010110111011001001001011101000110110110100010010011110011000
3476	1000111101001010111111111100111100111010100000101010011010010000011010001100111101001001010101010011
2047	0101110111100001111000101000001000010101100011001110111010010101001110000110011001011110001110111100
841	0110010101010010101101000000011011010010110011101001000111110101011000111110011101001011000000111011
6255	0101000010110011010111101111110111111011010011100111110111001010111100011100000011001110101110110110
5289	1110100000111001111110100110101110001100001000111000100011111011111011100011110011001111101010100110
2793	0011010010100100101001001011101011010101100111010011110100100000000100101111100110000000010111000011
4535	0101000001011110000010100111001111001100111100010110111011011011011001000111011101101110010100010000
1756	0000000001100101010111100010000100111011101001101001100010101001111111101001001110000000101010010000
751	0100100110001000001101011010001000010111011100010000011011111100100110111110011101100110000000110100
6156	1100010111000010101100011111110000100001011100101101010101011011111001110111001100011100110110011010
9053	1011010010001100001000110110110001010000010100000101011100000001101010101000001000101111110100101111
2444	0100100010011111011110001010010111010011001110000001011011110110110101010101101001000011011101111110
1072	0101111001110011111111101000111100011000000110001010011111001100001011010101110101000000001011010110
3847	1111111011110101000100101011000001110011101011000001011111011011111101111010111010000101000101111011
235	1011010000011111001010111000111110011011100010111111000011000000111101001111101111110110000010101111
2870	0100101111101101010000100001000101010010110101000011001100111001000010000110001010010011010010111001
3420	0000100100100101011101110110111000101001001100100011111110001101010001010100100110000001010001011000
3009	0110100110000010101011111001101101010010100100101111101100011001100010010000100100100000011111001000
5683	1100110101110111111101100001111111111011101011111111010111010001111000111011010110101001010111101001
4322	1001000110101000110000010111101111111111110100001100110100110111010010111100110110000010101000110010
2104	0000011001100101101111000010000001001101111110010101100010110001100111000010010100000000101011100101
1760	0100001111111111010001000001100000001001100111100001001110110101110011101010010101000001111010001111
1524	1110111001100111101101011111001000011000101100111110010100100010111101110100010111000100001111010101
4341	0111000110100100000000010000101011001111111000101011101011101000000110010100100001011110000101000100
1942	0011010011010000101110111101101110110101111000011100001001100100010001001000100110001101011111001010
7883	1110000111101000000100111100100110010000111011011000110111101000101111110010111101001011010111110000
2246	1011000111011111101011000010000011010011011010100001011010100011111010001101110000111011000000001101
1963	0110110010011001111101010100000111001111000010000011010010011110110010110100000101110010101111011111
6101	0110110011101000100110111111101100110000101010010101000100011100010110000001011101001011110011011011
5937	0001011001110011000101011001101111100101001110100110000110010101000100001001010100000100011001000111
7797	0101111110000000011101101001011000110110100010011110010001010001100011111100010011000001000010100011
2005	1000101110010101011010100000101000110001110101010001100010110001111111101111011100000000101000001000
8906	1100000100001011011001010000010000011010100101001000011100110111000000111101111011111110010010110101
9338	1011101010010001001010000011010001001101111101100000111110001111010111010010000111101110000010011001
8467	1001101010010000101011111000010100100100001101001111000001010110110111110001011111101010101010101011
7125	0101010000000010011000101000010000100010010100000011001110011001000101100110010100100111101000001110
815	0101010111101000101010000101001110001000110100001000100110100011000010110000111110101011001101011100
1438	1001010010101011011001110010111011101100000110001010010101010001000000101111011011011100110100001110
2793	0100000000100011001111010000001000011110000101010001101001010010000001111010111000001010111011100001
6503	0100000001110001111100011111110101000100011100100011111001110011000101100000111010100000101001010000
75	0100011000011111111111011110001000001000010110010100110111011000101110010000111100011010011001101001
3397	0011101011000010100100110001110000101010111011001010100111011011000010010110100000010000000100000011
9662	0111101110101011011010110001010100111101110111111111011100110110010000011011011110101001011011010111
7122	1110100001111100011000100110111011011101011101101100101110101100110000001010001100110000101010010100
