Size = 100 
Clusters = 198 
14	22	0
43	22	47
48	9	88
76	75	64
10	17	86
15	42	5
36	49	13
11	94	17
39	1	93
58	85	26
9	74	15
91	66	85
65	43	25
21	49	9
86	84	13
16	76	65
47	97	0
29	58	85
57	71	33
76	75	10
39	75	40
35	95	8
87	78	99
2	0	1
78	95	14
71	55	74
24	69	77
36	44	17
62	24	6
95	85	51
5	76	38
1	91	23
36	72	87
43	84	24
83	94	8
81	77	26
6	10	9
16	22	39
25	51	90
46	47	59
40	85	76
24	46	76
33	64	30
45	81	3
37	85	32
93	79	7
68	41	63
48	54	19
41	1	54
78	99	40
84	6	14
30	3	11
77	23	36
40	5	29
46	53	83
80	92	30
67	84	52
53	19	54
31	99	73
89	67	25
18	80	12
50	47	22
83	88	33
40	15	91
32	77	58
79	83	28
32	29	76
20	61	92
7	29	55
48	91	44
88	4	86
41	8	58
10	81	58
53	94	32
37	57	52
14	70	71
85	84	31
53	4	25
40	72	1
88	33	19
58	1	48
27	18	67
29	89	27
76	24	61
60	96	18
61	70	56
18	24	45
54	43	56
52	10	7
18	70	40
79	77	54
85	85	24
15	27	63
18	92	41
40	2	81
98	76	93
16	57	73
95	8	32
35	47	71
21	21	12
31	15	81
7	48	0
3500	1110010101001000011001111011110101001011101101101011001100000001111100100111011111110001110001001100
3578	0100000110110111110010110101011101111101111000000101101110000111000110011001111111001111011111100000
9321	0010010011100000010110111000111101011001111100100100111101111100110011001110000000110001000110010100
4595	1010100000100100000100111010011111000100000010110100000111101001111101001110100011110111110000110111
9507	0111011111110000101011010110101111100100001100101010010110011001000110010011101000001101100000000101
6866	0001000010101101000111101010000000010110000001000101010010000011100011111101000000110001010101010001
3087	1010011010101100101010100100011100101111101110000100100100000111010111110110100111010101000101001101
9869	0011011000001101011111011000111010010011011001100001100000000011010001111100000010100111101110111100
8226	1011110011110110110011000110001001010101111010010010010110110011100010010001010111011000001000101100
379	1010000010100100001011001100111000000001110101001001101011110101010010000011111100011010111110100010
2167	0101111001101100101011011110110001110011100010001101101111100100000000011001011010010110111111111010
3966	1011100100111010010000110111111010000010100001101001101010001111110111010100000110110111000010101101
9632	1100101010100110000111110111100110010110111110000001011000100111111100110011011000101100110110101000
8479	1010010010010100000101001101010110101011101100010010111110011110011011001110101001100010100111100000
5385	0110101001100111000110010011010000101010010101000101111000000001111111110000010111011001100000101110
6810	0001100101010000011010010001011011001111000001001101000110111011111000001000011011110100010011011010
7955	1110011010110110001000101000010111110010011111011011001100110000101001101110011100111101010000111110
185	0001111001011001110000011000000100010101101110011001101111110100110100000101100011101000110010110000
3876	0001101010111001010011100000000000101011111101111000010111110010100100011100000011110110101001101111
55	0111001110000000010111010111011100011101100101001001110110110011101110100001110101011001001011011001
4216	1111101000010110111100100010100100101001101010111101001011101001110010001110111111010111010000100111
2587	1101001110111000100000001101111100011000000101100111111101111000011100111000000001011010100010101100
4729	0111000001110010000010111100110010100100101111000110001001001011111101101101011110110111101010000010
1514	1100111000111010110111010000000001001001100110101000111001111010101000100010111111001101010101101010
7681	0000001010011010000101100101000100101101111001011001000000001010000001110010011110010011010101101000
8164	1110101010100100001110100000100111000010110001111111001001001101000001011000011001101010110100101000
1239	0100101110101101011001001110111001100111010111100010010110100011100100001111010000011110100011000110
2064	0101011011111100010111011101010011101100000011011011100000011000111100100100010101001111111010011100
1005	0111100110110101000011101110110010001011000110111111011101101101001101110011010101010001100101011010
5809	1000110101000111101100110010110001011101101101011111100101110001111001000111010000011000010001111111
2470	0111111100111010110100011010011010111110110111010000110011000101111000001000011001100011011100001101
5210	1001100000000111100100100011101010100010010100111110010001000000111000001010001101110001011001110010
1885	1110101111100110001101101011101000010001110011011100010110110011110001010101011110110011110011001010
3011	1010000000100100010011101100001100001010100101100011000100000011010001110101101001100011000010011101
4472	0001100101110011001011001101000000100111111001100111100100000001000001001000011000100110001101111101
3390	1011100000111000101111011100000100110101000100111100000100111010010110001000111011100111101010000110
7045	0001111111010011001011111111100100100011011101101010010011010011100111101111001110111110110111111111
1138	1000000101010100011100101010101111001111110101100001100001011011010000101000110001010001010100010010
924	0001100000000100111100010010111101010101111111101000101110110001101100111101010110100000011011101100
8235	1000110010110001011100011011110111011110110011010001011110110010100101101000010010000011111000011101
2642	0000001010001011010011000100100001100100100000001010111100010110010000111010010011000111010001110000
6800	1010100110110101100101010111100000011110001101001111001010110100011000101000010011110011111001000000
8964	0100000010000101100011000000101010101111100000010101100111011111000011111101100001101110001001111000
4430	1010011011100000000011110001011011011010101111100011000101111000110111101000101111110101000011101100
123	1110110001011011001000001010010000111101000001101011100110011010011001010110101110000101000101010110
8032	1011101000001010100010011001011100010010111000101010100100000011101001100100111011100100000011001101
1625	0010000011101110101100011101010100000111010100010001011001000000100111000110100111011000011000010100
7315	1010010101011101011100110001001011100111010101111000000100111000100010001001111011100000110011100011
9482	1000111110100110101100000111100000100011100110011100100001010000001000001111010010100011111001010111
5320	1010010110011001001000111000100011111010001000011010100000010110010011111110011010000001001001011001
8973	1010010010101010000101100001011110100100001001000110010010001100000111000111110110000010010110000011
4781	0011111011010000111000010011110000010100101111111101001100101001001000001101101111101001011011110110
2156	0110111100111100110101000010011011000110101011001010111000110111100111111101010110111001101001111100
4691	0000101000000010111111010011110100100110000001100100001110001111110010011101101011100010011010111011
449	1101010010001001000101001000100001110101001101101111011110110100011000110011110101100001100010110010
2696	1011001101001101111111001011011011110000101010110010101010100000111110010101100011011000110111111000
1223	1011001111101000111000111000110110100101000000101101100000000001101100101001001111100000011000010010
7820	0100011111000110001101110101101000001010000011101001000000101010000110010110100000111011101111011101
4792	0111101110101001001011000010111010000110100111010010010010110001001000100011001010110100100110000111
1470	0100111010110111010000110010101010111100000011101110011100001100010110001101110110011111000101011011
3291	1110101111100111100010111111101000011111000001011010001101111011010100111110011001011110000111011011
808	1011000011111000110001010110100000011011011101001000100010010101011100000000100111100110110100111000
219	1101001011001101001001100000001000111111111000000100100101101100011101100000101110111011100010100000
6392	0110011001111001110010111011110100000110110010010011101101101010000101010110001111011001000010001111
7419	1101111001010110101011101011001101011110010110001110110010010000000011000011000010101101010001001010
8306	1010111101001000010111100011101100011100000010101001011011011110000100101100001010111001110011010000
8477	0110111110001010000110101001111101010111000000011010001100011111101000010110100101111110101001110101
1047	0001011010011000100111010011010001110101111011010011111001111010001001001110111101100000101010011011
1789	1001001000010111001000000000001010100111010010010000101000001100111111011101011001001110011000001100
4636	1000101101011110110111110100101000101100001011001111000101111110001110101101010100100001110111100010
177	0010100011100110000001101001111000101100010101101000110111101101101110111110100100111101000101100111
1972	0100000111100010111000111000001100011001111001111000110001011111001101101000100011001111101001000010
3296	1111110100001111001100011011100010101010110100011101111100101001010100100001001001010101111101101101
6244	1010111000011001111101110011100000011100010011010100111001000101001101110011101010101100111111100001
2603	0110101111010111000010110001010110000000010000100001010001001000100110010100000011111000101000000010
3236	0101000001100100001010111010000100100001110011110011010100001100011100000110110111100100011110000100
5246	0110111000111101011000010100100111001011100010100110101100100011010000001001000001001111101100110000
5637	1001011011110110101100010010111001000001101111101011111111000100110100100101110001011001100010001111
4	0110011111001111000001010010011011000011000111110000111100100001000000101110111100101111011111111010
4832	1000111100111000100010001001010101110011110001001101101111110000100111110000001110011111011000110001
7249	1000110011011110011111010101111000011101110100011100001000101101110001110011101100010000110000001000
3279	0000010110101101010100111011011011110100011110011001110101011000111000100110101110010000101111100110
2481	0101000100001000000000111110101110110011001010101111100100001111110011010101010100101011001100111000
2291	0011110101000000101010101110001100010110100001000101110011011101011000000111001100011011100001001001
8666	0111010000010011010100101110100110000101100111001100100001010000100010000000010110001110101010001000
1434	1000000101001110101011111001110111001000101001001001000010001011100011000100110000011111100011111101
5333	1001011011111100101000110001101011101000000110001101011111100010010100000100110101111001111001110101
8036	1111000111011110101100011111111000010101111011010101110111111000111010100010111110110001100010001100
1199	1000110101101011011101110100111000101000001000010011110101011110111111101001000011110101101111011111
9366	0110010011000011010100001101000010000110000110101101110000111100000010110001011111101000111000000110
4805	1101100111111000001001000001100110010010000100000111110011010110111010011100110000000100011010100001
6071	1010100001110111010010101000001111100100101010001100111001000111001001000101111000100011101011101110
4948	1000010110010001101001101101100100010101101110110111000100110011100011101100110001111110010000100110
1413	1000100100010101000101001111101100000101001011100100000010010010011111101001110101100001001011101110
6125	1000001000010011000110100000001101110001111111100101001110111110000110011110100111001011110110000001
7391	0110001000010111110011110010100000110111101100111011001010010100101111100101001111101000010011001100
1197	0110011001011110111011100011100000100100101000010111010000001110101111011110100111010001010100111101
7677	0011000101011101100101110011010111101101101010110101011111100001110011011101111101001011000101011001
6369	0100011000110010110100111100001110010010000011101001001100001000010000000001100111001101000011100010
1750	0100100010111001001100011111001111110100110110001010111011111111110011001001011100010011111110001010
4546	1000100001000111010100011010000101101010100001010100111101001010100010111111111001100010111100011011
7416	0010010101000000000111000111110011000101110011010100000110000010011001010011000111101101111001001011
822	1001011111100100011001000000101111111111001000001111101111001001100010010110001101110111000101110100
2703	1110000100101000110111011010011101101010010001100011110110101111001110001000000001111011101011111011
2756	0101000101011010100101001101011001111010100001111010110000110111000100010111110010111011111001010100
8926	0110111111000011111010011100110011010101100101101010000010000010001111000110000100110010011101010111
897	1001001110000100010100001111001001011111010011000111001010100010101011110111010001110101011111010100
8618	1011101001111111110010010111001111001100101001011000110101110001101010000111001111111100110010101100
2447	1110010000100010110110110010010100000110011011011000011100101111100101010011110001001011100010000000
8294	1101000011101011111110100000101100010010100011001110001111101000111111011100010001011001111000000100
9072	0010111100101011001101100110001000011111000110110101100000011001011111011000001001010111010100100100
1673	1100011110010100110001110110101001101110101100001000110101010101011101000000111001000101010001100001
4560	0110000011110001101011010001010011011101100101010000101110011011111101000101011110000111011110010100
4472	0100011101010011110000011000101110001111111100000101001100000000010011100101101001001010011110111010
2119	0101010111111000011000001011000000011000100010011101001101000010100101101101101100101101100001011100
3059	0110100100101111010000000101100010010010011111100110011101100010000110010100000100001110011011010001
1560	0000001101000111010111111011001110000000010010100011001111110011001001000111110011100010100111100110
2181	0000110010101010111111000010111010010110000101010010100000101011000100010111100111000001101101010001
4701	0100001111110011011111111101001101100001101010011010110111011000111010110110001000101101100100101011
2567	0101000101010110110011101100001001010000010100001001001010000001010001110100101011100111100011101010
8145	1010110110101000010100110011100101110111101010100011011111111110111001100110011100000100101000111010
8827	0000000010000101000101010101110001010001111101101111000110100110101010111001000010010001100101011011
2631	1111111010101101100110011010011000111111100110000000010100000111101110111010001110010011010111000100
1235	1011000110101110111110000010100100100001000111100011110010100110010111010011000011010111010111110100
5744	1001111010110000110100110111101001001100011110011010010111100001000001111011101101110111001100110001
4787	0000100111100110011000100110101001100010011000111101101111000100011010011011010010000010001011101001
4309	1001101011010010000110110101010101010000000110000010111100011101110110010100101101001010100011000011
8613	1001101010110001011000101001111011100101101000101001001010000000100101001101101011010100101001111001
7035	1100111100011111100100010011111010010110000000010100111101111100000111100011100011011001000000101111
5421	1110011011100100001101011101000010111011100100101011010100111111100001111011101010111001000010011110
4092	0000110010011010100011010000111101100011011100111010011001101101000101010111011100110110110101111110
1185	1101001000010000101111010101111010010101011101111011100110001010000100110010000100010110100000001101
6300	0111110011110010100011111100110110110101001110101111110111100110111111111011101011101101001010000010
926	1111000111111000011101110111010001011100101010001110011001000010010001011011110111011000100000111101
130	0000100111010010011010101010011000000011100101100001011111111010110000011011000100001110101011000101
3332	1110100001010010111101000001000111000010110001000010010100100010111101110000010000000001011010011010
8454	0010000000101100001110001000100110010000001100110111110001110010010111011010011011001000111010011101
5608	1001001011111011100010010001111100101101011010110101111110100101011101101001110111110000100000111100
2577	1010000101111101010110101111110100001011011000100010001000110000001111101010100110100000100110100100
4775	0101110100000111101000010000110001000010110010010111010010001011011000100010011101000111101101111000
6584	0010100111101101100110110110011100100111110011110001101010110100011011111111111111001011111111010111
7162	0111101110011000111110111100001011000000000010111000000001000110100000101100101110100000111110001011
7445	1001011100010000110100001101011001010101001101010110101010011110001100010001001101100000001110101000
6343	1111101110100011111010010001011000000110111110100010101101011001010001111110110001000000100011111011
1279	0100101000000101000110100100110010010100011001101010010101110111000110110001111001011100101011100010
4313	1011110110001101101111101001101010100101100101111100111111110011001111101111010110100010111110100110
3128	1100011010001000010100010010100000100010010000001010100111011001100111001001000000101000111100101000
756	1000101011010001110110101000001111110111000110000010111110011110111010100111001111101101110001000110
9456	1010000001111100100110111011101110000100001100100010101110011011101000100111000001101000001100101000
5999	1011011101010101101110110101101100101101101011111100100010101001110111000011111100111111110101010001
544	1011100010110010111001100110000111010011010000100110010001010000001100101100100100100000100110101111
3673	0101100000111111010110101101010111100111001110101000111000001000000110000111100111101011100001010111
5317	1001111001101101010011100110110101110010010001011000101110001001111100011100011001111000101000011100
1699	0000010000101101010100010011011011000010101011111101111101000011010001000000110101010110101010011110
9910	1101000100100011000001100101101100100110011101001010000010100011000011010000100010100111010010111110
8299	0011001100100000100111100111100000101101010001100100010011111011011000101001010010101000010011111010
2855	1101110001100100010101110011100111110010110000000100000101100101011010010101100111101100011010010101
8857	1100010011000110111010001011010100101110101111011001001100011111101010101010011011111000100001011110
1722	1001100000100010010101000101110100101000000011011101011011010101000010111001000010001001001111111101
52	1001001111000000010000010000011001001110001001011001101101010001101100001001001111100010110001100101
5309	1110110101101011000111000000011111101111111110000100111010111010000001111010110100111001110101001101
6378	0100111100000100010011100111000110000110000010000111110111011010110111111001011100101100001001101011
7877	0001001101101010001000111100111111010010110100011110110111110011010101000011111000001100110100001001
9314	0011101101011011000100000111100001011111111100010010001011100101011011000000000000000000000110101100
7140	0001011001111001111001110111000011101111100111011000000111111100000000010000010001000011010100000110
9078	0100110000010011111010010010000000101010110011101101100111011010101001010010001101010000011010000100
8206	0110110000001100010101000011011100111011000110110110100111100111010010011001010001000110110010100111
8491	1100100110000111011001011110100001111100110100001111001111101001010100001001011010111100100111100110
5007	1000110010110110100100110111110011001001001000101000010100011000000011100111000011101010011001111110
360	0010010011101100101110010010000001101011010010011010100001111001010010001110101000111100100100000101
5584	1100000011100010111111110010011000110111000010100100011010011000110100001100101000011111001000101100
2948	0000110100110010001000110010110110111010000010000010000011010001111010111010101001000100001111110100
7151	0100011010000110001100010100011001101100100111101101111101111011111110111101101011101001110101011111
331	0101011101101000111110010001010001100011010011010111100100100111100010000000110010100001000111010000
7644	1011010010111111101101000110101100101001010100100011000011011001100111111111000101111011111000111110
1393	1100011101101010101110111101110110000010000011000110011101110010100010101001111010110011011101100110
1062	0110111101011100001010010010011110110010000111101001101011110011000011110010100101010011010010100110
4299	0010011011000001111110100101010001110001100100001010011101111011101000011011010100110001000100010010
1659	1100001001110010010110000100001000000010011011000010101101110001101100001110011001010001100101010111
559	0100010110111111101101000110111011011110011111110101000100111111010001110011011111100111000110011100
2217	0010101001110011010010110111101100111000110010100001000110100110010000000110111011101100010011000101
1647	1111101001001111001101101101101110101001011111101111010111000011011100111011001111101011011100111110
6614	0100101011011110001000001100010000100001010011010001110011100111010011010010001000100000000111001110
9392	1011001001000100110101101100110101010000000000101011010101010011100011100001010111101000100111101010
6996	0001111010011001110111010110100000001011011101011011100101100011000110000111010110011010111110010001
629	1100001010101001110010111110100011001000000101100010100000001000001011100000100000011100100101110001
6425	0001100110100111100101100011111011001101111010001001000000010111000110011011001100110001111001101000
7334	0111110000010100111000010100101110101110011000110101011011001110111111010011000111010010110101100011
865	1001001100101101101001000111001100011000001110010001110111100101000011111101001010111011100101101000
174	1100001100100100010110100011011101000000011001110011000011011011100100001111010000111011010110001100
2612	1011110101001001000000001011000100101110100001001011111010001111100011000010111011111111011101101110
7892	1000011001100001100100111110100000101000110100010110001011110100111001110001111010101110100011000101
187	1100100011110011011110000010110110101001000010010110011000001001000000101110101101001111110101001110
3163	0100110001100100001000000011100000010001010000010110101010010110000001100100101011000000110010010110
2100	0110101001100001000100001101011110110101000101011110110010001011011000011111101101010001001010111111
9296	1111010011100110010010111000011010000000111111010010011111001010110110000111001100001000010001010111
2864	1101111101110000000011001011100000000000111111100011010000100110101111011010011000111010010110001000
2711	0111110001010101010111000011100001110101000000001100111010111100011000100010110001100100100011001110
