Size = 100 
Clusters = 151 
97	62	0
39	34	10
82	63	46
25	1	67
91	96	71
78	54	86
21	42	51
11	33	86
34	23	7
16	24	94
34	59	51
4	52	67
14	14	1
56	78	81
52	41	64
41	6	82
71	86	22
68	64	25
4	43	21
77	82	7
10	18	8
16	69	9
73	42	82
21	3	65
35	22	78
38	22	13
82	60	87
29	2	57
41	53	83
44	62	46
90	31	36
95	15	6
0	59	47
19	13	59
59	55	88
79	77	52
71	96	14
11	61	87
34	31	49
58	22	99
39	42	72
55	47	64
25	81	7
76	70	82
82	57	70
71	2	64
41	81	7
46	69	3
8	36	47
44	21	38
0	73	95
77	51	9
70	23	97
39	93	48
6	83	15
43	41	83
68	39	49
60	1	15
64	38	2
51	30	19
73	49	68
24	69	86
45	65	61
19	91	20
52	59	41
17	34	27
42	96	60
39	58	56
29	91	71
58	32	74
12	64	59
78	35	97
49	36	7
47	48	52
87	62	35
52	84	1
7	31	82
22	55	76
48	11	69
79	52	4
28	15	39
54	3	72
3	3	6
23	14	98
5	88	37
67	21	90
27	63	40
74	28	88
14	4	98
59	75	79
6	87	8
56	29	91
81	74	10
31	79	95
99	25	17
25	46	78
8	23	58
33	95	27
42	98	4
53	33	80
83	3	75
47	13	0
9291	0010001101100011101010111011100010101110111011110011101010001011101011011000101000111110100101110111
902	1100100001001110001011000001110011010110110001110110100001010110010110101010011010101101010110011111
80	1110100010010100110100001110111011111111001111100100011111110010110100000110101000011110110010101010
1610	0111000111101100011011011100010101010010000100110100000000101010010100101100000100011001000000101010
2134	0111011010110111100101111101011111100010110011011110111010011000001010100101100100101110010101000110
2172	0001010001011010100010000111110110010110101100001100011111001111010101110011100100101010111001000111
1498	1101110111011010000011101001111011110010011111011010110111111000000111100000010011111010100010111010
4214	0010100101110110110111011010001000000001110111101010000100000010011000010101011101101111101010110111
9539	0010001111010101010011101000111010011111010010010101110110110101001100001010110100100110010011010000
930	0010000110111110100100100010000111011000111000001010111110000111000010000100000011100010001111100001
1894	1100100101100010100010010101011100100010110101011010011110100101100100100100011011010010101010111100
2423	0111101100011111010000101100001011010111000000111000000110101010001011101011101010011100000110001000
2364	0100100111000011000100110011010010001010000000000011101111001101111100100000010010101110110101010000
6109	0001100101001101001110100101110111111001010110101001001110101010111001010111100010110100010101110010
746	0010011101000000011110010111100101110110010001111100101011101010110101111111011110100110111000001010
53	0100001010011010011010100101111010100010000010010100101010111101001000000111101000000111011011010101
7863	1111110000101100011011101101010111101110011100000001001111001000111101111101111010100011111111100001
3353	1101111010010000110001110111111111000100010111010001111011011000110110100110111011011011000001111101
9862	0001001111001100100101110011010000011000001000001010111000001000110010000111011000011011110100000010
2123	1101101101000001111111010101001001101110010111000011010100111101000101111110110011011001110000100100
1203	1100010011111001010111000010111011100101111100000011100111101000100000100111010111001110110101101000
65	1101110110110101001100110000010011101111110000000111100101000001110000101100111001111110011100111000
5658	1100011011001110110100010010101010101100100011100011000110111000100101111111001000011010111001000000
7787	1001001111011111100001110000110101110100110000111000000101010001001101010110001110100001010101110111
9524	0111011000000100001001110101101001111100111110100001010110010110110100000011000001100010010100101100
686	1101000110100000011000001100011011001000100111101100101011101000111000010000000000101001001100011100
9527	0111001111111001101111101111100101110100111011110100000000100101100101010110011011010000000010100000
3296	0000010011010110100100101110010001110011110111101110000101101000101010110101001000111001100100101001
2001	1110100001000001001001111111010100001001101010101010110110011110000000011011001100011000100110010100
3758	1110101010000110101011010000101110000101000100010110010000110000000100101000110010010011111101100111
1384	1101110110100010001001010001001001110011100010101000101111011001111010011011000100100110101110110110
1332	0001000111101010101110000111011010101111111000110111001110011101001000001110011101111000001010101110
9291	0000001100100000110101100000110101010001110000101011010001111000110010000011100111100101110011010100
6185	1110101001111100011100010000100101011010010101011101101000000001110111011111000100000011011101010101
1762	1111110010010011001111010101000010011011011001110010011000101101111011010100100100100001011001000001
7107	0001000001101010110110010110001100011000111101010011100011101100110000001000100001001101110101011101
6464	1001010110000100000010001100110001101000010100101000111110011001111101110101001100100111101101000101
6848	0000100001010000101000010000010110100001110000110101111100011001101111010000001101110100011101010000
5848	1100011011100101110101000001100001011100010110000111001100100101101011101000101101101100100000100100
959	0000001010001100000000111000100010111001000100101101111011100011010011001110011101000001000111011111
6176	1111001110101011101110000110000010011001011101010110000101000010000100001111100010000000000010010011
6262	0100100100011100001111110100011011000100110000001111101010110100000111001011000101101111010010000111
8419	0100011111101001010011101100010111110110010110111000010010011000100101110100111000100000111101111000
8917	1101101110111100100000011000001001111110110001010111101110101010000001000101001110011100011011010000
6015	1111110000111111111011110100000100011010000011011001000111011110110001111011001111000111110110101001
8083	0111101100001101111001111100111111010000101010011011001111011110000111111110100011010001111001101001
2242	0100100011100000111110111010010111111111000011011000100010110100110111010010101100001111111111101000
960	1001000000110011100101100100010011001000011101100111100111110010110011010010101011101011100111011100
5883	0110100000011101010001111110010001110111101101110110011001010000100101110111101111000011111010000001
8694	0101111100001110000110110101010100100011000100100010101010101110100010110001100001001011011110111110
1230	0000010010000001110001100101000100010001010101000101111001101011010000110011011010111100110101110111
9067	0011010010001100111011101001010100000000000111100110011100101101110010000000101010110000000001000101
6400	1111011000001111110010011110110011110011101111000000100010000100100001111010000101001010110001011100
7482	0011000011111100001111111101010101010100101100100000001001011101101000001111001000111001001001110110
2626	0111011001010010011000010101010110110110100001101011111001101011001001010101010100011101010110111101
2476	0101010100110110110011001111100101100111001011000011001111010001111100000101111010011100000100101100
6506	1011100010111010101100110110111101010000100001101010000010111111101011101111110101001101001001010100
5996	1100011000010100110011110100111110100100110011000001101001000010001101110000000110001000000010001000
5016	1010010010100011001010110001000000111111010110100000111000110111110101011001001011101001011000110000
6687	0010010110000101110001011010000111010100001001011101001110000001010111110101100000011100110010011101
635	0010001110011100101000110101011100100100101010010101101110010010001110010000000010010101000111101000
1532	0100001010100111001101100110111100100111010011011001001000100010001110110111100001011010010010100100
310	1110101010001111001101110100101100100111010011000110000110100001011001100110010101100110111011001000
7664	0100000000000001100110111100100101011101110111001011000110001011110010110011111001010101000111010101
8093	0000001101011001101000101000000110100100110111101101101011110000000011100100010100011101111111001100
2898	1110001001000011000000001000110101000000001001101001101001000000011110000001001100111000110101111111
5402	0010100101000000000110011100101001010011100001101000110000000100101011000010010111000000100111111010
5901	0101010111010010001110111000100010100111011111110011001111010011000010110111010100000111111110110100
4569	0100100001000001001010001011111011101001001101101010001000011100100000001100110000110010000110011100
9090	1010011100001010110011101100110110010100001010101001100111001100111000001100010111001101101000101000
1651	1001010100010100011110001110001010000010100001011101001000010110011000011010001011010110110010011111
1338	1000010101011111100001100001011010101011000001001010110100110010111000101101011101100100000011100001
4841	1010110010000001001001100101010111110011010110001001100010101001100000101111100000101010010100010100
4066	0001111000001010101100010010011110110110000000011010100010001000100000111101010100000011110001011101
1298	1001111011011101111101111110010000111100001100000010011110010001010001111000111110001010001011010011
598	0111010101111010001111110001100111110001001001100101001000001011101101100111011001111000110110010101
9098	1100100100110101000011001001001000100010001010000001010111010111101001001110111101111101010101111010
5850	0100011110100010000001111011010011100110100000110110111000111101000010101011011010010100010110000010
7696	0001010110000111111110001011010010001010010100010001101110010000011000111100101001000100011001010001
558	1010010111000110011011010000101001110000111001010010000101111101100000010000000100100001011100001001
5622	0100001010100100110110011101111110011000100010000010001111001000001110011100110001010000001100001101
1469	0101000000111101111101100100101001110111101001110010111011010100000010110011011110000110000101110001
3569	1111000001011100111101010011001000101011101100010011010010110010111100111001101110010110000000010101
7760	0100101100000000101001000010110010001000110100001000111000100000001011101110101100111101111001011110
7312	1011011001100100101100011100000010011111010001001001111111110100100001110000001111110101011010111111
5671	1100111001011100010100100100111100010100110011001110010111000101101000011100010011100100110011100001
5865	0100011111000000001010101110110011111011111101101100000111110001110101111101000000010001011010010001
4914	0101010100111011001100110111100011010110101111001000101111011100110011011100010111011111001101100111
8833	0111000110000101010110001000111000110111010011010000000101110100100001100111111001111101000011101010
7975	1100000010010110100110101001001001101100000100110101100101111101111010000001101001111100010101101000
6334	1111100000111100001011100110010100010110100001011011001010110101100011011111100011100101101111001000
1492	0001101000001100111010011100101011101010100011111010100100011001101110101001010010110101001101011010
4898	0101111011010101110011000100000110111101111101110001111000100111110011101110001101101001000111111100
3855	0010001101101101111011110011000101010011100000000001111100111010110101110001011110111001110101100111
1485	0010010110001010010001110101100111110011010000011110011111000011101001001000010001110100011110100001
9395	0100111010100110101101011010000100011111111100011010011000000110101001001000101011010000011101010000
42	0110000011101111101010011001010100100000111111110100010101011001100010101100100110110011000111011001
5225	1111101111110010001010001111000101001100001001111000001010100011100110110000111111101100001011010010
433	0010111001110001100110100100110110010100101110010111010110000100011110111100100110110000011001011011
4543	0010110110101010011101000101001011101100110111010111110100000101111101100001001111011000011000110000
4858	0101111110100100010011011110011111001111001010010111011001011011110111000011011110110010101010100101
3275	1011110011010001000001101001000101100001010110110001010101000010001110011110110000010100101010101001
8737	1010110111000000110001011111010000000101101100100100011110111111110001110010100110110001011001110101
9022	1100000010110111000011001110011101001110010111000100001111011001111000001101101001101100010001010000
1639	1110101001110110101111111101011100000110100111111101100110110100000101000101110000010010010011101100
6494	0000010100111101010111101100001000100101001111111010101001111111111111111010100101101000011000011101
153	0001111110011000011010111111000010100000101011001000001001000010100010011110110010010001100101011000
2226	1010010000011001010100000011110111110010100101010011001000000110001011001110010011010110101100000101
6727	0100010000110000111101001011100111010001101110101010001111010000011011001001100011011100010001010001
8619	0001110011101011011001001000110011111001101100011001111001101100000100010010001001100100111111011100
2075	0001010011110110010000100110011101001111011010111101101000001001001101011010000011101011111011011010
3128	1001010101000001010001001101110000001001001011000000101101100110001010111100100011100010111111000101
3135	1101100101110100011001010110011100110100000010011011111011010110011110101010001111011111110110000010
5526	0101011100010010001010011011100111111011011101000101110111001110011010010000101111000011001100111111
3815	1101011110010101011111011111000110111100001101111010001001110000011111000111101100100110110101001110
9362	0110000110101101101100011111010001011000100111000100110000101100000001100111000111100000110000111000
3948	0111101101010110101011111001011110101111000100010011110101010011100011010000011001001101110001010011
1327	0000000111000011011100101100011010000100000000110110010100000111011000110000101011000101110000000101
6440	1111001010011001111001000011001001001001001100110001101010100110100110100111100111000110001100000000
1574	0111010010001000100101010100110001000000000101011110011000110010011000111000001001001000010001011001
5168	0100110100111010101111110000001001101100011011110000110010110111010100110010101001101110110010011101
982	1101011000011011111000010101011001011011011011001110111000111010110110100001010011010011011000001011
9760	0000111101111111000101001100001110001000101100011101010011101111101001110010000011010110011000001011
696	0010010111010001010111010010111111100001010010110000100101101000100001101110110111111001001110000010
655	0001111001100101100100001111110010100100000001110011011011000001010111011001100100111001111001101100
1407	0000011101110100111101100001100001011111111101000001010110001000100001100100111110110010011011110001
7495	1010101101011011001000100011000000100100001110110100001001111011111100011000001111101000010111101001
3381	1001011010001011101000001000111011001111010101001110000110010111100000001010110101010000110110111110
2905	0011011111000010100101011000011110100000011000101101010100100100110000010010001001010011101000011001
5606	0000111110100110011110001000100110100011110011000100011111000010110000010001111101000001011110110101
9599	1111000100101010101110010101111010001101010011100101000001100010101000100000001110010010010101011100
3265	1100010101001100011111010010000000000101110100110100100100111100000001101111000100010000111101000100
6171	0101111100101000111011100100011111001110010101011101100011111110101000110011001001000111011110010011
3956	1011001001010011001100100001001111000011011000101100100101101000101010011010011101010000111011000010
1099	0010001111111111111001000001110110001001010110010101010111000011001011011111001111110000010111000011
3284	1101111110001100101110111010111111001000000010011101100110111010000101110001010110111010011010001001
561	1011111000101011100111000011111000110001010000111110000010111011010000101111000001101110100011001111
6721	1111111001111001000001111111011010111001100001110101100010111011110001110000011010000101110010010000
6849	0011110101010101101001010010100101010101010001001001010111110011110001001110001000100101101101110100
2240	0000011010001111000111111100001010001110010011100100011101001111111110000100110010101100001000101001
7214	1101110001110010000110111110100011001000000100000001110011100000110001011011100011100001100100101001
7468	1010110101000110111101011010101110010011001101100010101100000011011000010011011011100101110111011111
45	1000101110101010001000000100111011001011010011010011101110111111001010111110100111000010101101110100
4709	1010010010000010101110110010011101000011101001100111000001110011001011111100011110111110111001011110
4062	1100001000000010011011111001000110000100100001010011111111010110010011101001011110111111001101100011
4665	0100111101110011010011001100010111100101011101000001100100010100110000000001010010111100100101110111
2215	0010001111000111010100010011000110000111011010001110101011100001010001100010111100110101001001111100
8711	0111101000110111110110110101000001000000111110101001000001101001001011000100010100000111001110111100
5051	1100001100010101110010101011100110110100011111010101110010110001101111011111000100011001110100110011
1322	1000011110001110110000001000101001010011111000000100010100111100001010111000011010010010110101010100
4039	0100110110110100000100001111100000110100000001000110100111011011000011100111101010111100111001000111
