Size = 100 
Clusters = 183 
31	66	0
92	12	49
75	58	44
11	4	21
76	66	49
98	1	4
88	58	62
91	82	94
97	39	84
92	36	26
94	71	54
71	25	31
81	80	18
13	31	11
63	73	43
30	39	57
37	67	66
80	23	86
46	9	20
35	45	16
12	45	53
74	90	90
77	59	47
78	19	47
14	72	66
19	33	30
0	37	97
23	35	98
3	93	96
44	12	37
18	92	19
83	52	92
43	43	87
45	38	29
40	93	65
40	87	40
5	43	14
50	34	45
31	91	69
40	94	17
1	60	44
70	47	40
69	20	6
8	60	77
39	29	0
14	16	87
52	74	58
6	0	27
77	8	38
80	4	97
75	51	69
81	1	91
15	2	43
37	24	3
53	46	63
24	73	31
49	85	96
39	73	83
50	36	29
93	30	12
17	17	46
91	41	97
95	90	22
30	98	41
22	78	8
57	0	2
18	64	44
41	78	98
16	25	94
93	47	55
6	15	21
41	69	36
65	97	13
22	47	94
81	3	51
56	96	9
39	84	68
92	87	72
51	99	92
75	65	2
76	75	73
54	89	83
1	45	69
39	89	11
51	15	59
97	74	53
38	33	6
6	27	67
68	93	15
65	0	89
12	12	57
29	14	71
38	27	48
57	83	68
47	16	50
75	85	64
2	3	88
32	42	39
82	59	47
31	5	21
19	43	80
12	47	0
1686	0011010001001011000011010010011110100001111101111001111110110111001101111100001000100100010010110001
7876	0001101001111111100110100011011011011000011010010100011001011010100001110101110011000101001111001110
498	0011111110111111001110010001011101010110011100011101100010110100000101001001101110000001101010110010
360	0101011101010010111010011110100100101100000001000101001000010101001001111101100000000001000101100010
8310	1100010000000101111001100100010000101001010101011000001011101101001010010011001100111010010001101101
6270	1111010010100011000101101010011010100111110111110010110000001000110111100001100101001000010010110010
5509	1110001100010011110111101111001110100110111110011110100010110111010010001000011010111000000000100000
7053	1001110011010001110111100000010111101001111111001000100110101001101110011100101110100011001101100011
2815	1011000010111111011000010010000011110000100001111100001110000000001000000011000000111110100011101000
9531	1000110010111111010001101000011001101011101010111010100010100011110111011000110010010011000111010100
4148	1100000001001110000011101011010100010100111100000000101101000100100100101010111101101100011111000000
1827	0001101101001101101000010101000011100000001000101010110000000111000101110000100111101100000100100101
344	0011101111101010110010010110110010011110111010010111011001001000111001000111100111101111000100001110
3055	0011101010000100011100101001000010101000100010011011111001100101101100001111010110010101000110001011
9618	0011011000011010101110100001011101100110110101110010001001001110010010100011011111011101011100110010
751	0111101011110000010111010100011110100100001101110000111001000000100100101000010111010011000101100011
37	1011110100001100001001110001110100101010110000000110011011010110010001111010010110101000110101001010
4121	0010000101001100010001101011100010111110000111001001001100101001101001101000000011101110010101101100
9596	0000100111011001001111010100010000011110011000010000010010010100111001001100100010101000010111100111
196	1001100111010000011101111101000111111111101110010010100111000010111000110110110111111110111000010111
1435	1101001111101100011110101110101101101111110010010100100011110111101111011011000101000110110001101110
48	1100000101101110010100000010011110000100000010001101100010110110011010001010110011101011010110110110
1014	0100001000110010101001010000101101000000011011000000101111000000101100100010001101111001110000100010
1148	0100110100100000010011001110111010000000111010010010001000110111100011010000001110110011001001101001
224	1110000101000111011011111010100110101110111000011001000100000011000111100100100011111011111001111110
9663	1101000000101100111001010000000101011110111011010001010110011001110000101100100011001010001010011011
3877	1000010100111111001101111001011000010010011011011001100001011110011101101110010110110010110100111100
5546	0010011100101111100100001101011101001001111101010001001101010100011100010111111011010100101111000001
4470	1100101011100100010110101100101111111010111000110001011011100100000010011100111100000101111001011100
9564	0101011001100010110000000001101101000011100110110111010101101011011001000111100001000100011000001110
4047	0011000001010100010010000111101000101010010000011010001100000110100111111011001000110100100101001101
8767	0001000010111000100111101101100111011111010110100010001100111001000100111001000011011111100110001111
1162	1100000001001100100101001110100000100010001100001110111110100001100000010010100011011110110101011101
2031	0110000111001000110000100110110001010000101110111111100101000101011110011101010000101101111111000101
4384	0010110110011101011011110001011010000010000100001000100011100011110101110101100001010011010101111100
540	0001101001110001011001110101001101010011110010001110101100101010001100000010111111001101101100001001
6359	0010001100011001010110110000100001101101100011100111111101010011100101000100000000100110000101000100
3712	1110110001011100100101011111101010110110101001111010011001110111010110110101011101111001100001010001
8381	1100100010001001000110011010110110000010001001110000101000111011011100111000101011111000011011010000
6535	0011001000000011110011100011110111001100000001000100101001001100010011110101011101110011111110001110
2175	1011001100110001000011000001000001101000100100010110111011001011101111100111000100000011010101011110
3841	1110000100000111010100100000011101000000111110111010010010110010111010010001001110001000101010100111
2909	0000110000010001011100101010100100100101010011000001001000101110010110100100010100001001100010010110
2640	0011111110111001100111101110111010000011101101110101110100110101111100110110000001110001101110011011
3244	1011001100001010000011111011011000000000000000000000100010011110110010000010001010100110010010011100
1374	1100000101111011111010110000100010101110111100011101001001000001111000010001100110001111010100010001
6166	0001011011111110111011001000111001111011010011010100011001100011100001111110100011000010011011000111
1845	0001010010111000011000101011010011010100111000110100010001110110011111110011001001011100010101001100
2691	0100101011111010011000011101100101000011111010100101011011010110011011100100111001001110010111100100
593	0000101000100111011010010001111111101110110011101100101000111010101001011101111001000100011101000001
5494	0100001110011000010000110010000000111110101001111001100101001000011010101001000001010011011101010110
7268	1011100110010010111000101010001001011000010001001111011011101010000110010100000100100001101000100001
6875	1100010101001110011100101101010100001001001000000010000111111010100010101010011101110111100110000001
6730	0000011110001111101001110101111001001010100100001001011010110011111010010011100000011010000110000110
531	0010001110010000101011110100100101001111011001111101111110000101011100001000011000011100001110101101
354	0100111111011101001111101101110111001100111001001000001010100110111100011010111000000111100100100111
2124	0010110011111111111010001011011101110101110000010010100010001000001011000101001100110101101010110001
3279	0000010010010101001110100010001011110110011100111101110111001101100000010101111100111110110011110111
1268	0011110000101111011000111111111101011110010011010100011111100110100110101010111101111111100100110001
985	1000011010001101010000011110001010101101000111110111100000010111100111000100011010100111010101110011
9083	0000101010111110111110000010101011010100100101010011110001101111011001110010110100100110000110011011
5504	0010100100110001111011110110010111100100101011010001001001000001110110001100100001101001001010111001
4336	0111011010001100000110111100010001100101110010010011011100110001110010000001000000010101011011101001
6854	0110100001110111010001100101110110100010101011001010110011010000010001000010111010110100000001000110
2164	1001111001111001000011011111001101111101111001011100001110010111101000111101100011001111001000000101
8253	0000100111011010111011011010100001001010001001001101010000110100011001101100111101101110111011111000
1559	1100111101001000111100101101111100011000101100001001000011110011000111011110010001000110100000001011
4531	0100011011010101111111100010011010100011000000001101000111011100000111100010000101100110110010100001
9736	1111011000000100010011000101100011000110111111000000101001111000111000111010110010111101110110101110
3372	0011101101001101000001010111101111110101100110000000110111101110101101100100011010000011001111100110
2400	1100110100100011011111110010110000010010011010000011000000100101001110110010000111111001100010001011
4946	0011011000001000001101100010111000001100101001110110111010111101010000110011101001000001001101110100
2089	0110100101111101001000001100000100010000100010011011100011100101001010101011110001101011000101110110
2501	0100000000011101110000011100011001000110111010011100011001010111111001100101111000010001000111100010
9250	1010000011010010111001000001101011111110110101100011000000100101111000100001100010100111101101110101
9739	1010010100011101001100101110010011100000110001101001101011001101100100011011111110111010000110111001
483	0000001001110110001100100001011011111000110001100101001000100010110111111110100011001001101000010000
4863	0111101101110111001000010100010100101111010101101001111101011100001001111110010110110100100011100010
135	0000001011100010000010101000011011000001011011010000011100001011011010100010011000000000000110110001
2263	1001001101001001011010000010110000111000000111010011001101000100110110101111001000011101011111101101
9869	0000000100011010010100100001001011110111110100100111001101101001010001011100101110011001100001101101
4465	0000000011100100010111011101110100100011010110101010101101101011001011101000110100101010110110101011
9917	1010001010011011101010000111010010000010100100010100010010110111011000101100111011100000011101101100
2462	1101101111110001101110111110110101010101100000110011000110011000001010111010110111111110010000010011
7055	1000010010110011011010101111011101010000100100110111011100101110010000101111111001001010101000101110
3809	1111000101011111000001101100111111001100011010111001001000011110101110100011111010100111100000111001
6734	1010110111101101110100010000010000010000001111111110100010111100101001001110100010111111011111110100
8332	1011011110000000101100001101011101110111010110110101100001001000001110000001111001001110000010110001
9509	0001001110101011110010000001101101001000001101010010010001000010001001010001001011100001000000010110
6432	1111000111001111110001000000000010100100100010100001001101010010100011101101010111011000100110100100
450	0101101011010000101111011000100100011011110010100101100001100111000111011111001100011010101010110010
1515	1011001000111010000110011111010100111010000100010011110101001101011000101110000111110001111101100110
5045	0001010010100110100010111000101100110110000010001010010111010101001000000001100011011000101001110010
7658	0011000001110101101011100011100010001111100010110100101111101010101000101110000110001000101110010010
3074	0010000100101110111100101011010100010011000000110000100001110111110001101011101110000001011011001110
7997	0010011011110100110100011110101111000000011101010010101000100011001010111110110110010101110101000101
4190	1011101110001101010000001110010110110001010010001010111101000111000010111111100101001001110100111110
4632	1011001010100101001101101111010011011011111000000001110100010001011100100000101100111110001010011100
704	1011011101011101011011111001010011000001111110100010111100101011000100001010111011110011100100110100
424	0011001010010100110011000011010000001011011000001010100010111001101100000110100101001100011101111011
2097	1000100000010100000110011101000011001100111011000111000000010110011010101010110000001010010001111110
3976	0011011101001001000100110111110001000010111000110100011010001010111001101111111011011000001100110111
6485	1110011011110011001110110110010000100011011100000000101001011101000111001110110101001011101011101110
1926	0001101010100001100011101010111111001101100001011100001101111110111101011001100111110110110001100100
1347	1100000000010100001000101101101101001010010001101000100011001001011111000111101110101001100011100001
4270	0110100000001000111010100110001101001010101001011001001001000000101010001000001110111101110110110110
2459	0001011111010000001110000111001010111001011110100010001110110100101101110000010010010100010010101001
5629	0111011100101100001101100010111010000011001100011110011100111111011011101110011001110110110110001011
9107	1010000100001101100110000011110100100000011101001100101101111011110100111101010101000001001010011011
636	0000011100110001001011001000101100100001011011000001111001001001111011110101001011000110010100110001
4076	0011000111010011011001010100001010101110101011111111000110101000100001100001011101100111011001111001
2076	0101110101000111100001010101011100000010011010000010000110010001010011111000001010000111010001101011
3385	1110010101101000110110011010011010110000001010001110011001010000111010011100010011001110111011101110
5056	0011110111111100110111000010011011000010101010111001011110000000100000011100111111001010011111101111
2649	1000111110011110110100100100100110010101000001001010101100001011110110010010100111001110011011010110
9191	0111101010001001011011101100000001110111111101000101010010101110011000100000000001010011001000110010
6143	0111001001100010100111000111111011001100010101110011011110111000110001010111011000001111010001011011
9437	1010000011001001011100110110100010101011011111101100000110010110111001011011001110100010110010111111
2303	0010110001011000000001101001111011000100101101101001011111111010110101111001010110111111111111000100
1013	1110111001100100100100110100010110100001000101110111100010011001010101011101111100101100010101000000
5412	1000110111011110111100011010001101010110010000101100011111011110100100110011000101001111111111101100
2732	0100100101110111010000000000110111111010000100110101001100000101010010000010110001010010011011000101
4359	0011001011111000101011001110101111001111010011000110011100001110111110011110101110011001000001100111
5815	1010010000111101111101100101001001011100101001000101100001111110010001010111110111110010001011101010
6301	1101110010011101100110000001101111101101101010010011101110010111110101101011110001100100100011110110
5107	1101100101100010111110111010110101101110001110011010001101010111110101000001000110101000110110110111
189	0110100100110011001010101011000000101011000011111001000000110001101000110100011100001010001011000001
6635	1110111111101011001111011010110011100100101011000100011010110110001010001101000110111010111000011011
8606	0101001011100111011010111000001111001010111101110111010001101000111111101100101010001001001111100111
8950	0010000111101000100010100110011111101111110001110110000000110101001000100010011111110100110100110110
9938	1000010001100111001111101100000100010011011111011001100101000011011000010000000000110010011110011010
1424	0110100011000101000011101000100010101011100101010000001101000101000010101110111001010011100110010010
2586	0101010100110100101011001111110011011101000001101011100100101110000101000111101000011110010000011101
3101	0101100011110011010100101000100101101101010101000001011100011100100101110101111000000011101110101000
6005	1000010001110001101010110011010101111101101010001011110110001010110001010010101010001001111000001110
9692	1111111011011011000010001110000111000110001000101101000101000000001111001001000101101110111010001100
4455	0000000000011011111000111111100000001101110000110000111001001010011010110010111111101000001001000111
6534	1001000100001100011100111011111100000100001001000010100110110110111010010101010101000101001100011000
1887	1100111111000101100110011110001010001100110000100000110100000010100110001101101101010011100100100110
701	0111101111000011110100001011010010000011111110011100001100111010111100100100110011011001101110111001
7189	1010110011001110101001000011101010011000111001101100100001010100100111101010011100110000100000010011
6348	0000001110101000110100000111011000001011101101011000011000100011100001001101110111010011010100110101
2526	0010010110011011000001110100000111100010010101100001100100011101111010000111111001011111101011100101
2861	1000110100001001011011111011100000110100001100000001001110000000001101100101011000010010011010000110
5232	1100101011110101001000001100011000000100100110000001110011100010000110011000101111001001110011110110
5847	0000100110010011110110110010101100011101000111110101100100101101110110010001100000111100111101000000
6308	0110000011101110111100111110101111001101100110110000100111111000010100110100010110011110110010100001
4921	0111100001001010110101110110001000000100100100001101011100101001010111010000110110111000110010000111
1027	0111101111101101101010111010010001000000111100111101001010010001000110000000100011011001011111010100
6773	0010001001110111000001101111101010011111101111110100111010100010011001001100000110001110101100101011
831	1100110000110110011111110000001101111011100001111101100110111000111011000110010100100011110011000010
8594	0110011000011010110111000101111111111011011100100101101000101111011101010111010110110101101010000100
7503	0101000000101100010011110001111111000000000110001011000110110011101110001000000011010010110001111101
1641	1000101100110010111001011100010100100011111100101010011011110110011001111001111001001110011011011111
1532	1000100000100101101000111011100000001110010110010100111100001111001100010111101111110000011001111010
3221	0001100010001111010010000000000110111011010101101011101001011110110101101010110011110011110101101011
5052	1011010000000101001101101010001111011101011111101111101111101000110101011011011010101101011110001010
1315	0010001110001110000000001100011101111011001110010111010010011111000100111011001111111001101111001010
2056	1110101111010011000000011110110101000111000010011111001110000101010110011101011010110110011010111110
1480	0010111100011000101000011001001000000100110010000011011010001011100011011010110010010001001000000010
9726	0110010011101011111100111000010110000101110100111011101001010011111001101101001110111011001001100110
3152	1010010101100001001011011100001011101011110100101001010010001110010101010011100000011001101001000110
9143	0111100010110100011100001000011011100001111000011001001000000101101101100100101001001000001000010011
7557	0011101011101110000001111111110100100010011111001101110010110111010000101011101011001100001011110011
4139	0111010100100001101010111111011001111011000010111000111010101111100000110101011101100011111110011110
563	1100000001110000011010100111100011000001011000110111110110011000111111000100111000001110011100001111
1079	0111000100110101011101100000111011000111000100110100101000010000100110100001011100011101001010000001
8123	1010001101101010000111101110011100011011000101101100111101110001010101010011001010100101100001000010
9484	0100011011000000010001101101110111100000011001110110100101110001000101110010011111001000011000000001
1907	1011001111111011001101001001001001001001011111001110111000011001000010010101010000111010101111001010
791	0001100010000100000010011001101100101001111010000011111001111010001110110110110000001101000101100010
7699	0100111110001111001110010000110011110111111011001001101001101100110111101101100101101000000101010001
1058	1001000110000000001111101110110011010001011000111110001110011010110011100001011001100001010111000000
198	1111000011011110001100101011011111101000010100000010011011110100000011111100010011000101001000100101
6468	0000111101110100001010010010010101001000100010010010000100110010101011011001010001010110010110011011
7696	1111011100111011001011100111110100111111001010001100101010101111100011010110010111001001001101000001
6506	0100101100001101011110001110011100101000101100001011011010010100010010000000011000001000111111001010
14	0111010100000001110100011101001111000100110010000111111010110110110111100110111111101011011010100100
3572	1011001011011110011101100110011001010010100111011000100110111111111100111001101110010011111111010111
539	1100010110000110010000001011011111101101100100011001111000110000111101000110100100111100001000100001
7923	1001111101100100111011000010110011111101100100010111101111011011111101101011110001000011010010000100
594	0000011001011001100011110101001001101010111010011001101001101100101111101001110011001010001100110101
662	1000100111101001100001111101010010101100101010010101000010010110110000001011111101111100111110001100
