Size = 100 
Clusters = 135 
28	68	0
32	58	93
60	94	20
68	27	11
84	89	25
51	39	7
6	97	18
85	37	85
64	58	8
45	96	3
67	89	87
93	41	3
1	96	55
39	41	12
40	42	16
30	2	92
75	44	38
88	55	29
64	19	72
78	50	25
41	84	73
12	70	29
38	83	52
52	80	37
54	99	65
54	85	79
55	94	86
91	42	21
66	36	95
86	35	39
47	24	29
39	12	54
97	86	2
57	24	42
69	66	71
20	0	46
55	10	30
60	25	7
13	74	31
98	67	51
88	8	54
94	45	42
12	77	32
71	96	66
84	6	9
61	77	12
59	90	66
81	88	8
2	44	45
75	6	55
72	88	83
84	95	87
1	25	4
62	72	40
88	23	85
80	33	12
44	22	36
41	93	66
30	59	3
30	31	6
94	24	77
84	70	69
31	90	66
92	83	77
80	77	45
77	38	36
23	0	61
83	78	68
79	44	27
16	89	62
35	15	10
37	41	89
37	81	80
96	43	15
52	68	42
70	82	7
8	87	70
0	33	34
35	23	24
74	96	1
16	1	22
78	31	46
97	91	34
41	88	97
7	66	31
45	68	74
41	71	5
19	49	69
90	77	87
36	22	60
84	51	33
78	67	49
47	39	58
37	70	69
60	30	51
48	4	22
14	78	98
96	10	37
65	26	26
84	64	59
0	90	10
23	21	0
4314	1100000000111101001101000001000110001010010000111101011100111101010001111101110011001101010111111101
1564	0011001110000001101000000111001110001001111101001011101110001001001011110010010001001010001111000001
410	1000111010111110100110101101101000110011010111100011110111011101110100010101111011000000101000101110
6063	0100010010000101100000010101011110000101111001011000111010100001111000010101011110001101101011000010
2810	0110100111011100011001011001001000000100001011011110010000110001111100000101000010011100100010000110
6563	0010111101011111100100111101101110111000010111100101000000111000000001100001110101100000001110001100
1391	1000000011111000011110110111101011010101101000001110010110010010110011100111110101001111000111000101
8061	1111011110001110000001010010011000000011001100011100100001000001110111011000101111001101100000101011
6967	1001111000101111001010110100001111000000100001101100110101100101100111110110100000011001010100111001
5133	1010101000001101110100001001010101101000000100101011101100000111101111010001010110111000001000000011
7052	1110101011100111100101101100011010111000010010010011010101110100000010011000110110111110001111110111
5161	1000011110111000010110101001111110000010011101110000100000001100001110001011101001111000011111111001
8607	1000011111101011100101001111001111100001011110000111011010000001100100001011101111010011011011000000
5379	1111101110011111100010111100011011000011111010000010001100100101110010110010010000001001100110101101
8094	0101100111101010001000001111100111100000111010111001111011010000000011000110110000101101110111011000
5796	1001111111000111101011101011110101100001110011010011101100110001000101101011010000000010011001101010
461	1001011111101000110000011100111100000100100011010111010000100111101010100000111000011010101110001101
898	1011000011011010101110000011001111001110001000111101000111000111010111111001001100000100111110111011
1008	0111011010100100000101111101100010001110111011111001000001011110110001111000100111100100001111011001
6808	1000111001100111100101111111010001100101011000101010101111101110111000111011010001001001010000011100
2809	1010101010011011010011110001100100010100000110111111000011100010101011101110000100010110010000110001
494	1101001111011110110100000111000001001000010001011101100011001111110101010100110110111100101111111110
2288	0010011010101001010100010101011110010011110100101010011010000001001111000110000001000011111101101100
3233	0001010000011111000001001001011011110101101001011110100101110111110010001110000101010010000010011100
5345	0010100100100000000010111011111110111111100100101011111110101001110110011101111000011100000101111101
8884	0011010011011010110010000100001010110110001010101111011010000001011101100100101111110010001010001100
5598	1100101100100010001110011000110001010001001111111011110001100101010110111101111010001011011101101001
7424	1000110111100010011101011010000001011000100011010001111001010011100101011001001011011011110100001110
8073	1000011001110011011011000110000010011011111100100100001100101000101101101010011001001001100110000011
7505	1100110001011110111001011010010001101101110101101011001011111010101001000111010001111000100011001000
9014	0111110100101100010001110110110111011111000110101000100011101011011010100011010000100001111101101110
5885	1001000100010010010101110010000100000010111011011010001110110110100000000110000011111111011100000001
4046	1011001100011101011110001111000110111011011010101111000101101010110010001111001011110010110100100111
273	1110011001011110100011110111000001011001101011010100100010000011010000001000001001101001100111001001
2512	0010001001100000001000010011010110110011101010100110110100101101011100010001111101000000000001110001
3037	0100001101111010110000101110100101010001010100000010000100011000001011001110001100110001100101001101
3937	0110010010100101101011001100000010100100101100111001110001001000110000101110110110001010110101111111
202	1101010100001000110001111100101110010111111011010100111001110110011000011001100101111101001001100010
6389	1110100110100110010110010010000110101111001000111001010010001100100000111100101100100010100111111011
9204	0110001111010110110001100111011110110001100000011011111101000101001100010100011011001011001100101110
1201	0000101100000101010100100001001010000110101011010101000000111011110000101101100011001001000100000101
1546	0101011000100011001011001000100010001000011110000110000100001001001000001101000101111100001010100010
179	0000001100101111111010101110111001001001010110101101010001110001001000110100101110011011010001100100
9277	0001011111001101011111010010000100110000011101010111110101101000001100010011011110001011011000010001
3561	0110010110111000010110100001000100100100110010110101100011001001011110001101000000101011110101000101
2925	1000010001110011001100101000011001101001000110100000001101000101100110011111110001100011011100011110
2740	0101101011011111100010110110010000000110000100111001100100000101011001101010011110000100100001110101
1479	0100100000111110101101001111110010010111100100100000111010111110100101000111100000011100010101010111
8940	0111101010100100100010110100010001110110110101010010110111111110011111011111000010101000000111011000
579	0100001101100111110101001000010110011001001010001101111001101100000110000110110101101111111111101010
7533	0001100001111001001101110100000011111010011010111011011110100000110001011111000011011000000110100111
6096	1011110101011010101110110000110010100010100101010111101000011000010000001010111101010000011110110100
6477	1111000100100011110101101110101010101000101100011101001111110111011011101110100101111010011110011100
5936	1110010100011001110010101001000101111101000100000101111111001100101110001110000101001001110001010000
386	1010010101101100110110001001011011001011000110011111010100001100110111011011000101001100000100100111
8056	1111001011010011011110101000111111011100110000101001101010001001000010010101101000101001010110010101
2643	0000100011000001011111110001001001101011001110100110001101000101101111011000110010110000111110100010
4070	0111111000100101010000010110101000111000001100000110110111101110101100111001000010010000000011000101
6097	1100001010100010010110110000000111000000011000111000100010011010101001110011001010110001101000000011
4271	0100000100010001001111111010011101011111111010111010000010001000001101111100001010001100110111001100
5660	1111111110101110010101001100001000110111010100101100000010011000110101111100110010010011001110111010
3200	0011010010000111110010011000100000010100000011101010010111011011011100000011101010000010100011000000
9887	0010110110110010100100100011100111001100001000010100001001010111010110111010100100001101111000010001
2432	0110011001000111101001000000110110100111000001001001110000000001000000001010000001010110110111100100
1649	0001001011110101111100000000011101011000101010101100011010000010010010100101011100110101101000001000
4591	1101011110011100111110100110111011100010000110011111000001010111110000101111101011110111110111010110
9180	0011000010110110111110110011011100000111001100100111111100000011001000110001001000111000110111010100
8306	0010010110011001111001000100000110010111111000101111001111000000000100111001010111000100010001000000
171	1110110010100100100110101110001000101011000111101001101110100001011000010011000111000000110101011000
7018	0111110111011001001010110010010001011110010011000000011100000111011110010011101100010101010000000111
2014	1110110111100010110010001111011100011010110001100110101100101100110110011101111110101111000101100000
364	1010011011101010010100100101101110000001100010111111010111111010000110101111000111111001001101111100
1508	0101111101111110100011110110001010111011001101101110100100010010101111010100110101110001100111111110
5585	1001110111110110000000111011001111110011100011010101111100101100101111110100111110110111001010111011
6621	0011101111111001001101101000001101001010111011001110001011011001100101010011100110011110100101001100
2825	0101010011001000101101011010100100010011000100100111100010100100111100000111011011011111100000011110
2112	1000111101100111001000111011100000100110100010111111001101101001101001111111111011100001011111111001
163	0000010011111101000001001001100000011010110111010000111011010100010100110010100100000100010011111111
1273	1111111111110001010101010010010100100001000100100101111000101100101001100110011010000011001011000001
1916	0110001111100110110100010111001101100011011110011000101001110101101001111010101001101101011101000000
4573	1100101001001111101011001100101000000101110011111000111001001111101011000111100101010010111101110001
4464	1011101011101011111110101000000011010000011011111101000101010010111001111011111000110000001011000111
7700	1001011100011110011101011010101000100000000010101100010101010000101001111001000110001001001001010010
6436	0000010100100111010001011010000101110010100111100001101010000001010100100000000001100001011011110111
8536	1001100100111011111000000000100101011100001011011011000001010011111110100010001110110000100100111111
8704	0001101101101010011010110000100111100000010010011010000110101010000001011011101110001010000100011000
2221	0001101100000101001110110011001000110111010100101000011001000101100100101011110001011001011010011010
9299	1111001001010100110010111110001000100010110010110011011111110011111010100001011101100110111111001011
2146	0010100101000010101001110011100011000001010111011111111101100101101001111100111101000000001100111100
8565	0110101010000100001110111001000111000000100010000100110001111010100100010111011001001111111111100100
9626	1001000011011000001000000010011000001010010011100010000001001010110111101000010101100010111100000000
779	1101010100010011001110110011000010011010001110001001100101010111010001010100111110110000010001101000
2754	0001001101100010001000000001111010001000111011011001000100111011001010111100101101100100110010111001
6174	0101011000010111010101110111110010111010100111101111110000010101001011101010010101010011000010111100
9482	0100110001111010011111101111111110001011001111100101001111101010000101010110100010111100100000101011
3273	0000100010111100001111011001110101010101001110111001101110010000010100011011100100001000001100101001
2635	1111001001001111111001011101100010101100100001100001101000011110110100011110110000011001011100101101
3054	0100001011001111010010110010111111010011101000110100000110011010001011101110001111100010010101101001
4793	0000110101111101100000100001010011001000110101000001111011111001100111011110011110111011100001110010
887	1101011111000010001110001110011000100000111111001001001011001000110000100111011000011101100110101101
5505	1101111010111111101100000111011010100110100011011011101010100100111100010101111101101010001110101000
3516	1011111100100100001000100111001010011110110111101011001000011000111101101001101101001010101001110110
6724	1010000111011000101000110001001101011101101011110110000110111000101001111110100010111100101001111000
1948	1101001111010110000110000110101000001001000011001111110100111100100100100010110101100110011100100110
824	1011000100011000001010101111001010010101000111001010100111110101111001111011011100000000001101011111
2923	1110010110011010000111011110110101110011011001000010110100110001100010100000000011011111111101110111
7455	1001101100000110000111011000100010011000101100001010101111000001010010000100100100001011111011001011
2422	0001011101110100011100010011100101001011010011100110010011100110011010110101011100110001110001100100
1694	0110000010001001110100010101000000111101100110111000010101010111111111000011001110101111000110100111
3132	1101110101011001011010101111110111010001100001110110111000110111010001000100001011011100100011011000
6565	1010010010101001001101011010111010100011000100011100111110001011010000001000101000101101110101001010
1979	1110010001000000000001011010010100100100001111100101011100100100100100000000110010000110011101111100
378	0010001001111011010001111101000110111010101000010000101101011011001000010110001100101001100000010010
7394	0110100011000100010111111111100110011010100010010010010000110111000100100011010000110101011011110101
7487	0010111010011111001011100100101010100011000001001011111001011100100111001000100100001011011000111100
1931	0111001000001111111100111100101011100011110000111101001101001000011100001110001001101010111011001111
1443	0110101111100110010011000100111101001011010110011110101011111001101101000001101000011100001110101100
8102	1101011010011111000001110011011100101000001110000000010110001000101010101001011000101110011000001101
7112	1100101010010101000000100001000101011100110011001101110000001010100011101101000110110101100110101110
3418	0001010001000101101010100000011010010100111111001111000011011100110110101001110110000001001000111110
677	0110110110010100011010010110001100001011101001000001011110011010111000111100011010001011110101110110
4571	0100110111110011010011001111110100100110010101001010100101000001001010111111101001111000101001010000
5248	0010011011000111010100101101110010110000000010001011001001010010100101110100101001111101101111000000
6732	1001000100100011001110000011011001000011101011101010011001101101100000111110100010110100110011101111
6097	1101110111000110001001011111011000100010101110111111010111010010010100000001000000101100111100001111
1653	1111101110101011000111100010111111101001000001001010001001010001010110101001101000111010100011100000
687	0101000011100111011001000110001111000010111101110001111001001011001111110000111100010001000111101011
4641	1101111010001000000101011111101110101000111010100100001000101001111001010010010100000000001101011011
7524	1101001011001010100110010001010101100001111000111101100101110000000100011001111001001111001010001001
5109	0100100110011101010011011000000001000001010110000111101011101001010101010011000000001101110000100101
2460	0000001010010001110111010001111011001001110110110001010100000010001111100010101100100001011010100011
7202	1010101100110110001001010000010001001110100011010000011000111101111011010001000011000011101000110000
3627	1010011001011111011000010100100011110101010011011001000110100100101101101000110011001110110000101110
1799	0110110000101101111100000011011010000000010100110110000101011111111101111011001101100110001010111111
9630	0100111111101010111101001011010001100001000111100010110011110001011010101111010001100110001111000000
