Size = 100 
Clusters = 183 
79	2	0
98	64	89
12	78	19
26	52	8
51	47	11
85	47	85
45	56	25
78	33	70
46	51	76
74	19	92
45	61	52
20	33	20
45	90	83
12	57	33
20	9	93
46	47	23
23	81	91
6	65	94
83	95	16
3	25	73
70	8	3
28	68	41
6	48	42
98	70	32
80	23	24
28	28	63
7	71	16
25	7	26
22	80	70
74	52	10
94	22	49
69	0	73
28	16	95
11	79	20
73	45	35
0	26	76
19	72	95
31	99	80
92	18	42
7	55	51
20	26	55
74	55	24
93	85	49
50	33	44
71	0	84
16	88	70
17	29	61
5	7	91
71	45	27
76	31	67
52	54	11
16	56	44
82	10	83
17	48	49
42	85	36
77	6	99
56	27	5
10	61	24
2	94	28
33	14	91
83	98	58
81	55	32
46	76	84
33	61	2
98	47	62
63	77	69
79	27	96
26	95	0
90	13	65
34	21	47
50	81	72
71	58	18
77	0	63
61	83	75
60	25	77
46	22	49
62	72	80
67	20	86
31	44	7
76	66	7
20	46	4
63	16	1
61	85	16
21	54	70
46	24	0
16	22	33
81	60	60
80	79	99
99	70	54
89	72	12
87	9	19
55	14	38
70	14	37
67	21	36
43	50	75
41	17	83
4	15	44
72	78	19
98	43	55
72	87	18
10	15	63
62	95	0
2363	1010001010111101110101011110101010100100101001001010110011000001101010010001000111100000101111001010
1543	0100100001001110100000100001001011100100000110001110011011101101001010100001111011111100100001100101
589	1001100001100110110111000110001000110111000111010010110011011001011101001000011001000110010000111000
2468	1101110000000111111011101100000000111100010010101010100000001011100010011000000101011010100111000011
5649	1111110110010010000001100101011000101000001001101100010100000010011011010110111101111110000000010100
663	1110001001011100000011110100001101000011010011111000010000100001101110111010010000000110111100011001
6144	1111011000010010101011100011101110111111011010011000000111110010110000010110011010111100110101100000
4857	1100010110011110110011010100010010111010101000000011000010000011110100010011100101101110100000001000
6547	1001000010101111010000011111010101100010010110001001100001110000001100110101101110110001101111010100
3853	0001001110011100100001001001111101010010001010111011111100001101100111100000101110110100001011010001
5656	1111000100000001001010011111110101100010011011000111011010011010110010110000111101001101110101011100
1310	0110100101110010110010111010011001001000001001010000111000001010100101110100000000000000011010010110
1759	0110001000101100100101101100001010101010111100010110011000000101000001100001000001101111100100100011
1217	0111100101100001001000111100010000010000111000000011110110100000011111101101010001001001001001000000
8477	1100110100101000110000100101110000100011010010101010110100011101011110011001100001100100000110100010
6050	1010011110001101101111100101101110111000011000100010010000101110001001101011010100011001010010001000
8621	1010011111001000100000111010111001000011010001011010111000110001010101011001000001010010011101000001
2569	1010111111101101000001110010110000001001101111011100110010000001111110011011110010010011000101111010
1068	0111001010111010000111111110001010001001011110111100100111010000010000101010001110010010000001011000
9445	0100000011000100100000100011110010010100110100101001101101101111000101111011011000110000101010010100
6318	0111111010000101100110001000010011010110011000000111010000101000001101100011010111100111011101011000
984	1011111000010010000100011100010000100111110011001011011101111111010010110101110010010101001001110000
4872	1010011101001010111011000101101101111101111101000101010010100011000010011001001001010000111000001001
694	1011001011100001011110011001101101001111101010010001111001100111110000001101100010000101101011111011
2517	0000001100101100011111010010101001001000000000000101100100001111001010010011010011110100011100000100
4936	1110011111111100001111101111100001111111010110010110001101110111100000010001011100001011000101000001
7244	1000100100100010110100110111000101111101110111011100001000100101001000111000101110110100110001001001
9160	1000000101110011011010001011110011000110010101110011111011101001000001000001011100110001000011000100
5242	0101011111010010010000111111001110001001000110100111000010011101010101110110100111110100011010011111
2998	0111000011000010000011011111000011000100101101000001100000010110100101011001011100000011011110111100
7316	1111010000000010001101101111101100110001111110010010100001010100001001101000111010000111000110101111
2348	0100001010111100110111101110110110000100010001101000000111111100010011110011001001010011100100000111
3900	1001101111011110011001011000110001101001101110111101011100110111100100100000011011100000110110101001
1436	0000010110110101110010000011000010111010011011011011011110001100111100110111011001111000010110011001
1020	1100010110101111110001011001011110111001001001111011101100100101100100110100100101111001101101011001
8282	1101001101110000001011001101101111001010001011111111001000001001110111110011010011010110000011110011
9926	0011111111110001110100011011100010101100011100101101000101101000111001111010101101001101110100011000
3140	1000111111001010101010110100011101010111110110110010001100101100001000111100110000011010010101100111
9480	1101110100010001111010111110100100001100101110001110111101001110001101000001001011000110101001100010
6481	1110011101110001001111100101001010001111111000001111011001000111100000001000101000011101011101100011
7381	0111001111110000111000101001001010101001101011000001110100110101011000011101011100010010000001011000
2395	1101110000011100011011001111000001100000011101001010110101011110001000000100101010011111100010101110
8390	0101010010010101010111011110111110111011011011011110111101100111101001011011010101111110011101010000
801	0111100100101001110000100110010011101000000110011001110111100010001110010001110100001000110010011101
1369	1100100000111110100100000001111110100001111000100111111011111000110110011000000111010100100011101000
9140	1001011001011011001010000010011101011100010110001101011011010010111000000001010001001110000000010101
4720	0010100000110000010000100000101010101110000011010101100000011101010000100000101101011110001011001010
3878	0000101100111101110101111111000000001000110111000011000101101111010111111001010101101001111011010010
7385	1110100101100011101001000110110000101011001100100001100111101010001011110100101000001101010111100011
8463	1101100001001111011000001110101001011000101010101110001110000001011010101101111110101011110000110101
4549	0100100101111010101111100001001101011000111001100001000100100101000101101111111100111111101100110001
1992	1111110011111001010001010111011011010101100000001101001110000000001100111010100100111101001011011010
4379	1011110000010101001001001000110100011100110001010101110010011010001110010011110001100110001010011110
8520	1111010111000111110101100111100000110010100101000001000011100000010100000111101100111110101100011011
490	0111011001100010101001111010010000000111000011000111001101010011011000001101110110101011000000110111
5152	0000111011011001101001101000001000011111100111000010110011110101010011000110101100101000101010001101
9716	1010000111000011011001000001000110010010001101001000110110100001100111101111000011001000000110101110
5860	1011010100011001101000100011001001001001101100010001101001011000000010000100100010010000001100101100
2061	1001000010111100010011110011100111101011101011110110001111101001000111010100001100111101100100001101
1694	1101000111111011010010010111001001011101000101011011100101001010100011001110000110110011110110110101
3741	1101010100111111110001100101111001101110101010111101110001100001000101000001100110000101001000010111
5785	1000101100100000000110001001110111101010100001000001100110000110000001000101000100001000011001100001
2394	1011000100010110001010010101011011110111001101010000000000101111111111111101110100111101001010101111
1720	0000000011011001010000111101101100110000010100111000110010111011101110010000101010111001101101010010
8918	1101000110110011010000010111010101110111111010101110000001001001010000110110111100001010001110010000
5052	0100011110110100101010000001101001000101111000101010000011111110101010100011000100111111100101100000
785	0001011111000011001111101001001000111101110011110101011100000010111100100001111110110010000010111100
2532	0100001010001001100100111110001101110000110000110100101100010010111000011010111001001101100010000000
9998	1010110010101101100000100000100100111000001100011110010100000011010110011000101101101001100011100000
4097	1000000111111011001101010101010100100110011000011110011001100001110000000001100111010001111111110101
6166	0010011110011110010100110100110001010011111110110101111111001000010110000100000111010000010011000010
4665	1000110100000010111110000111011110100111110011010101101110010110001000110000110010011010000000011100
9731	1011010000100111101100110101011011110011000111011100111101011110000100101110000100110110000010110101
9278	0100111000100110001000111011100100101010000111111111010010101101000101001000011010111100101011000100
8074	0010001101101111010010100110000101010001101011100101110001111010010010010110010111101000111001111001
2018	1111100101010010011010110100110000000000101000100110111101011101101011000110011010110001111000110010
4887	0101011001011011011100000011001110000110110101100001010001010100111000000111010001100101001010100000
1281	0011010110111011011010111100010010111000000011011010000000000101100101010010000010011001101011001011
9914	0101010101001101010101000001000100010001100001010010110010010001011110001011000101011110011111101010
2213	1000101111100010110111100001010001001110100001001000000000010011001000001100101100010111010101011101
948	0110110101100001101100000000101110000001010001101000010001000010110110100010111101111001000011101010
787	1110100110010010101101001001101100111011100000000110101011011000110001110011101010000111011011000110
8599	0110011011010111111111010100101101000110010101101110001000110101000011111011000101001100101110011111
3427	1111110101011101011010000010111011000100110010100111101011001011111001110100001001110101001110000101
8080	1100110000000011110111000010111010111110010101010100001010001100101010010001110010001000001000000010
9068	0101000000010010110011010100010000010000001011101000110110001011100001110001101110010001100100011110
4918	0011000001000001110011000000010000100011110101111101001110000101001100101010110101000110101111001010
4016	1010110001001100100110011110111000000111010010110100101000101100000101100110101100101010000001100000
7827	1111111101111001010110111011010100101110010110011110011011011101100010100101000010010000001001000010
4792	0011100000011000000110000110110101111110110011100110100110101011000100010111101010100001000011111101
5496	1010100100010000011100101000011100011010101101000001111000111100001111100001001000001010100101011110
7156	0011010111101101111110111001110100111010010010010110001111001101000000110110001010010110111110111010
6968	0011111110000001111000111100100011000000110011011000101000101100100001010010110010001100111111100010
1754	0111001110100010110100011000001011011001101010000000110010101011100101000100001111111000111011110111
7131	1100110110111000001010011101110001100000100100110100110000000100100110100001101001110000010000111010
2978	0101100100000001111010000010110010000111100110000011000101011001011101000111011011001111001101000000
7539	1011011101100100111111100001010111100101000100110110100110010001101011001001001110110101011010110110
8368	1100110011011100011000000101110110110010001000111011101010010101110011000010101001000111001101100000
81	0101101111000101101011000100001011001100000000110001010110011010101100111110101011110010010000101000
7033	1111110001000010001100000011110001110010110010111101111111010010000000110101101101110101100011101110
1602	1001000110110010000001000111001101100000011001001101011111100001100010000111011001000010111101101010
870	0101011001110110100010010010101001000001101100101010100110001001101000101001100011111101101110001010
7250	0100010000100000011110010011000010011101011101000101011100100000111110000010111011101010100000000000
2649	0110011000101110100111111010001000011100010111110100001111001010001000010000110001110110001010010011
2534	1100110100000000011011100000000100000100000000111101011001011001010011010111011101111011100001010101
9822	0101011100100001110101100010111100101001110001000010010101110101100010011000101011111110100000110000
3965	1100100111000000111000001001001101100110100100011110000001010111011100000010111010010100000001110101
2632	1110001100101101000101001110100000011010001111010110001101101111101011100011100000110101101000010000
9266	0011110010010000100100001101001011111111010101000000011011010110010000110000011010001110101110101111
9264	0010111010111111101011010100001001000010101111010111111100010100010011010100010001011011000101001100
8261	0110101000110110001011010010110011101111010111101001100111101111110100010001001010100110101010111001
7861	1111110010011011011000000100111110111101011000000101111110000001010011010000011101111011111111110010
3556	1100100010100000100100010000000000010111101001101111110000000001111001110001011110100010001010101001
1327	1010111101011100000101100010100010101011000011110101100010100101110011011110100001011001101010001110
5257	0110100100111110001000111011011110101111010101011001011010100101111111000111101000100000111100100001
2700	0110000110110110110111011001000001011111001001101101001101001100001001001001110110001011101110011000
5476	1110111111001110100011010010011001100111010100010000000001111010100001001001011101010111001100001100
8428	0111011100001101000001011001110001111100000011010000100101011110110110010101000001011110010101011011
2003	1111011011011000011000000010011001011101111110001101010100001001111010101110010011011011010100111011
7547	0111001001000001001000000001010000110001000101110010000100010000111000111011001000111000111000010010
6299	0111111010010011111101001010011001110101010111100110111110110000011111100101001101110000110000100010
942	1010011111101111100111001101001000001101100011011011000011010001100100100101101101011010001011111111
565	0111010101101101100101001010010101010010010001101001011110101010100110001110111110101010101110010110
5668	0011001001101000100100101000011100010000011111000101111011110001001110001101111000111111100101101101
581	1011110010111001100000010000100100101101010100010000100000111111000100111001010001101111010110100111
1841	1110100001100001010101000010100111011111011110110101010101000000011110111011001000101010011000000010
7680	1000101001111101010100111010000110100101100100110011010100111010011110010010011000110010110011000100
1875	0010010100110000010011011111011000110011111101100110100101110010111010100011011000000000000011010101
905	1000011000000100010011110101111100100000001101101001001100001110111100100010111001011100000011010101
8973	0010010100001010000101001101010110100011100110110010000011101000000000000000110010110011010111100001
5559	0001001100010010011000011010000011010001101000111011011110010000110001100101001010111011000010101011
2337	0000100111011100001100100001011011110100001101110100110010111101111001101100100100011100111000010110
6184	0001000011001110001110111110000101001001010101010110111110001010101011011011110100110010011010111101
3259	1010111010111000001101101010111010111110100110011110101111110010001110100111110101101100011010101111
1075	0111011110111100001001001010000110010111100001011011100010010100110011111101001001000100010001001000
8794	0101111000010101000101011100001111010001111110001001111100010010011010011101000011100010010001101110
6820	0001000100000010101100110110010100110100011010000011110001110111100000010001000100001110101001010011
9891	1111001010110100000010110001000011011011111001011011101011100011110001110000000101110110011010010111
2839	0100101011011101010011101101101000100100100011001110111100010110000000001100001000101101100010001010
6284	0010111001100001111100100000111010110110010000101011000010011111111100111011011000111001100110010100
6099	1100011101111111100011100000010100101011000000101010111101101100000011001001001011101100111011110011
1641	0000100100101111110010011110000000111110100100101110010100101001100101001110000101111101000100001011
9558	0001011101011110011111100100011011010010100100011101001011000110110000110000011101010110010100111100
2752	0101101010011011110000101100110011001011111010111100111101011111101011010100101011111011000011111111
483	0111011101101001100100101100110001011100111101001010000011011000111101101100111001110110001011100010
2409	1011000100001000100001110001010111110111000101101010111001000011010111100110011100110110011110100110
1316	0011010111111110011100001101011011100101101100001101111100010110000011101110001110110011011000101011
4733	1001111010100110001000100100100010101000000000110010010110100100010010001000001001010000010010000010
335	1001001110001101111000011000110010011001100010110010110011010010010111101101101001110001010011100000
2095	1000111001111011000000100010101001101000011000000010010101100100011010001100011011111100011000111110
2890	0000000011010110000000110110111010001010101010100100111010011011001000101010111110111100100101001000
9435	0100001000101001100101010110010001000000100110000100011111001110010000001001011001000100011100001110
3906	1101001101001100010011101001000100110100110110101101000011110110100000011001101100101101101001011011
4060	0010011101100011010000100101001000011100100011001100110110110000001001000110110000001111110001001111
6733	0010100110010110000111111101000011110010100010110101110000110111011111010001100011010101011100011001
1621	1100000111111000100001111010111000111011110001101101001100111101100011101010011100101101111101010111
411	0100010001111011111001000010001010101000011011000011010011101000100110011011100101001001000101111100
2214	0110100100010001110011001011000001001001101100010101001110011011011110101100111001010001100111000111
4720	0110000000011001000011011110101100000001011100100100100111010001010110101100110011111000111111000100
6514	0101110100000000000101111110100111100101101011111110011001101000010101001001111101010011100101100000
8418	1101101001011010011000101110101110001010100000110111111110000010100010000011011100001101000001010001
9470	1101010111000100101000110111011001011010110110111001111000011011010100000010101001101000001000101000
8617	1101110011000000000010100001100110100110110101011010001010111100100101001100000110110001010001111111
4965	1010110110110111100000010110111001100101010010110110001000111011110100110001100011100001110011111110
4298	1001001111001111000010001001001011110100010010010001101000001100011100001000010101100010111110001111
7991	0010011110111101101001111000111010110000000001000101100000110000000010110111100000010011110101101101
4353	0100111000110011100010001101010111111010101010000110000101011100001100010001001110100010101010011001
3811	1010000111111001010000110101101101011001100110100001000001101010011111111000011011011110011010001100
3574	0010001101101001001010110101001100110110101011101100011101000111000101101010111111001010101010000100
8661	1001000011110001100010000010111100001111001110101011010001010001101110010001111100100111100001001100
2384	0000101110101010110110100001010111011011100100000010000011001000110100001001101100011100101000100111
5349	0101101011111001000101110011000000000001110000111101000001110110101010101111110101101110000100001100
9920	0010100000101110010101101011111101000110000111000101010000011111111011111101001001000000010001100010
1124	0110000110100101101101010100010010001010110010101111000010000111111101001001000001110111001101111110
6439	0100000100010010001110101001000000000111000110111001101101100111000010000110011001100101101110011000
8397	1111011011000000110110110001000011001101101110110101110101100000000111101000110100101001000011111010
792	0011001110000010011010011011110111000001010100010110000101000101110100000001001000001101110001100001
2442	0100100010110110011100011001011111011001011110100001110011010001100111010011001000011101001100110111
4479	0010101000110001000100001001010000111001010100000111000111010100011000000100001010100000110101000111
3182	1101011111001000111110010001000101101011000000011101101111110001010110110100011110001101010010101000
2761	1010100101001101100011001011111000011100010101100011100101100000001000100011000101101101100000011001
8031	1110011100101110010011000000011011010100101000010001001001100100000001101110001110110110100010000011
7090	1011111011001110001101101011000000100111000001010000110000110011011011010000000111001111100000010011
