Size = 100 
Clusters = 155 
92	53	0
7	77	51
81	50	86
23	3	0
48	9	99
57	99	60
70	26	24
64	69	22
31	23	46
13	17	9
39	84	77
18	10	20
26	24	48
9	98	32
99	55	17
90	31	24
0	44	53
39	93	36
81	93	78
45	84	80
21	37	42
24	61	38
97	52	86
23	13	72
91	97	97
3	50	89
77	51	22
97	54	47
96	66	38
32	11	95
62	90	77
54	2	69
60	57	85
37	61	94
28	83	14
4	40	23
46	26	14
47	85	33
17	81	5
82	26	63
53	7	81
16	31	68
9	97	95
79	59	87
69	24	54
80	66	14
66	36	36
74	31	25
62	93	59
14	87	53
65	17	46
32	80	33
49	72	48
82	62	42
45	72	40
38	60	24
13	69	51
15	62	54
10	89	80
8	89	71
4	23	54
77	72	4
29	29	87
77	55	11
78	77	8
87	14	31
26	78	4
84	89	23
69	5	78
5	18	39
11	70	41
27	29	41
54	76	11
66	70	36
8	3	10
10	10	49
68	43	62
13	65	11
3	53	44
27	52	83
34	21	27
82	95	56
20	15	17
56	56	2
54	57	88
42	20	27
31	25	27
84	18	78
79	14	39
97	71	42
45	37	18
45	5	14
75	72	60
31	5	75
41	21	58
73	30	52
78	4	74
62	87	50
88	61	98
33	54	1
70	75	7
48	29	0
952	0101100000001111110001011100000111111000001000010000001010101101011011010110010001111011011001001010
2486	1000001100101100111101100111110000011101100011111010010101010110111011000011011011001010110010100110
5054	1101111101010101101100100110001100100101010100110111011100111010000000100110111100010101111111010101
5457	1000000011000110000011001010110111011101111101010111011011011100001111110111001101101100111111111110
5596	1101111001111101101110000001110111001100101100011001100001011010110010111010001110111100010000110011
9305	1001001010101110100000000011010000110101001101011010100110100111010111011110101010100001110110001111
8575	0010001101101000010001110111110010001110001100111001000111000101010100110000100110001010001110100011
4100	0111111111000001101011101010100110100011110101001110001000001010101000100101110010010111000001011010
271	1110100110000000001101010011000010111000000000100100110111001000101000111001111100101000110000011100
569	1111110101110010100000111001011010000101001110011100101111101100101110101010010010101010101100011001
634	0101110011010010001010000101001100001110011100111110001010011101110010010100110100101001110100001010
8480	0110100110011100101101111000000000001101101101000011110001001110110010110001010000011100011100011111
8426	0001111110100100110100110101011111010111000110101100010001101100110110000011110001000010001001101000
2778	0101010010011001101100111001010110100010111001001010011110110110010010010100001011011101000011000011
1383	0110011101011101010111000111100010100110001001111000100101100101101011110001100100011110110110101010
8734	0100000101001000000100111101100110010110001011001111010111100111111010010111000101011010110100010101
1977	0101111111111000111000110010010100001111000111101010110000101110011001000110110011000010110110101001
1469	0100100100001111111001010100010001100111101000000011001001100001101101011101101001100000101100011110
9856	0011000110100111101101000101011010000010011101101101101100000101001110101110111010101101011010111110
9330	1010110001011100100100110111110011001111011001001100011011001100101110000000010010111001010101111100
986	1101111110010000001000100110011011100010000011100110000101001111001010000100100101100101110011011101
1399	0001111011111000001000111100001101011101010001101011101011110100100100110000001100110010100011100110
743	1011110101100001101100011101000011011010111000111101110101100000010100111101101000011000111101001001
5758	0100011001110111011011011011100101011111010100010111110011111000011010111001100000011001001000001001
2278	0010100110011001101001100100010001001011110000111100010001100001000001010000011101011001000110011010
1784	0101110001101100000111100011101111110010000100110000000011110101101100011100011010000111100000010001
9274	1110100111010110100101000010100110000011001001100101011000001000101000001000011001100110101111000001
4596	1000110000100001001010101110010010001100110010011111110110001000001000111001100111110110010001111100
7077	1101001010011011110110111010100011000001101000101000010101011100101111100110011010010010011000010000
1962	0010001100011000101000011000100010000100101100110111000100010001010000010101000011111110011011011011
3572	1001000000010111001011110110000000001001110011001110101101110011101100000101001010000001111100011010
4545	0111101101101111111011111010001000000100100101100001010111000001010101010111100100001010110111101010
1020	0101110011101001101111011011110001001011111011101100101111101000011101001110100100111010100101011011
1400	1100101000110110011000111100101011011001000101110011000000000000110010011111110100001010101101111101
8357	1100000000100011000111110001100111111101000111111100000000110111100000000010010110011110100100100101
7111	0011100010111110000101100110001001100110001000011010100010100111111011111000100101110100111010000110
4073	1110000000001110111001001100001110000001110010000001111110010100110111010100011011111001000010111110
7713	1110011011101111111000111111110110100000110010011101101111110100001101101101101101010111001000110101
9524	1101110010111100000110110001000100001010101011111001100011100100010110111001111110111100010010000000
8843	1100001000101001100110111100101010101111010111001110011010101101110101101110101001001101101001000000
8595	0110011101000110010110101000000001010101010111010000100010000000101110110000011010000110110111011101
2765	0100000110011011110111110111110100101001100100001010101101000100111011111101000101010100000011111100
7763	0010001110111000101010111010001000100111101010110111011001110010011001011111000001111001110101110000
6737	1001010011001010001110010001100010101001100101010010100011101110101011111100101000111111110001011110
7531	0101101101110000100100101101010011010110110010100111001110101000111000000000101110100011101110110001
1598	0111010010001110101000100110011100010010010000000101101010100100111110001011001000101000111011011010
1828	1101011000111000111010011101110010110100011111111001000000011100111011110010100010111100110101110101
2995	0001100011110001100111000110111110011111011010111110000011110101110011101000101101101111111111011001
4406	0010110000110110000100111011010000010111011110010101110110011111001110111101110011101011001010010101
1498	0100001101000110001010110101101001011010110101011010011101010101101110001110010100011000011111011010
410	1010000001001101111100110000000101010000011110011110001010101001100100110101010011000001010111110011
8633	0001010101111010110000101011011100110111000001100111011110101100100100111011011000100011101000100100
4127	1001011010001100010110100101010110100110001000101001111001100000010100100001010000110111001000101111
4231	0000001101010010101111010000101110110101010111110111101010011100101001000010110000000000000001101101
738	0101100110001001101010110100010001011001000011000000101101111110100010101000001111000101110011001011
7173	1101011101110010100101001100101000100110011111100110000010010101111001100111111010101000000100111001
904	1100001110100010010011101010111000000110100101000100111000111010010000000001001101001001010001111111
1095	0011011111000100001000010001010011111100111110101010011110010100010110111100101100000101101000100001
1331	1110010011000110010000101011101011000010111011000011111000011110101000100101010001011011101110011011
542	1100001000100101011011110101110111000000001111110011010111001011111100011110000010010001000100100111
2	1001011000101100100010110101101111110110100101000011111101111110101000110010001001110100011111111110
7031	1010010110101100011010100000100111111000110011010100011001101101000100110100010111100000100010010101
9795	1011010011000000100111101001111010100010001011010101101000000011011010011010011110111011000111001110
3488	0011100111010010010101101001101011101010010100111010100010110000010100101000111111100000101111001000
4077	1101011011000100110000100001100100001101011010100100111010010100000011000110000000101101101101111100
5122	1011100100010010111101010011101000111010111011101001010111111110111011110100101111011111001001100010
2476	0110110101101010010011110000000111001000011011000101100011000011010010011100101000000011101101001000
6480	0000100001001001011000010111101110010111100010101010100101111110010100101100101000000010110101100001
4656	0100101110001011110110000010101011110110011100111101000100001101101100010011001000101111110100100011
8379	0001111101000001001101100100111001011010001110011101010100000010001110100100010111011011100010011110
6399	1000011010001110100110101100101001011010110000000111000010110111000101110011101001011001110110000011
9413	1100100010110101010001001100111001111101110000111100100110110101111101101111010110111111001111001010
2908	0001001010100000101100000000010011110101000000100011101000011011110111110100001011011010000001000111
6714	0101100000100111010011101101001100101011111000110111100100111001000011000011010001001111001101100000
6295	0101110001010101100111101101110101000101011011000000100000110100010100000111001100000101000011110000
3910	0000110111011110000111100101001010111100100010000110011000001101011001100101111000111110101110101001
1950	1010001001101011110010010100000010001101010001101010000010000001000110010011000110111000110110100110
485	0100101010110001101101011111011101001000010100110100110000111110000000010100110000000110011010011110
8400	1101000000011000010100101111111010010101100111111111000110101100100100000000001100101101011010010000
7630	0011100001001100010000001100100010100001100100111010001000100000101110010010010111111001011111111110
9764	1011000001100010101010010110010010110110010011101100110100000000000000011000000101111110111101110000
6195	1001001010001100110101101011000011100110011000110110100110100010101100000010101110111101011111001000
1497	0110000110011110010001000001111010100111001010100000000011001010101011011100101101100100000011100101
1158	1111110010011011111100101001100100001011111100110001011101101101000111100011010101111101111000111101
9426	0011000110011011101011011000100001011011000110011011111100001011110001011011011000111010000111001010
9276	0011100000000010010111101000111011110101110111101001110111110101010100000010111011101011000100100011
5191	1000111000011000111001101101111111010100000100000110011010101101011101010101000000011000010011101001
4869	1010110101010001101000001011011111110101000000010001010100001101010010101011101011100111010100010100
6340	0011010000001111101001111011000000111011000100000000011010011101101110001001100010001000011101011111
469	0101001111011000011011101111101101011111011001111110100011100010001111111110111010011001000010100000
2684	0100101101110010111011100000110101011111101000111001101110010100101000000010110011000110100001011000
16	0001000010001000100101101001001001100101010111100100101100100100101010111010010111001000000001101011
3030	1001011101100000101000010010111010111000010010100110100100001000011011001000011001100010000101000000
1770	0001000010001010100010010010000010110011111101101011000111101001011010100000111011111001110011100110
9095	0000010001011100000101001011000111101001010111011011100110101010001011000000111010011101011100110110
4408	1010111011101100010011001010110111110101000101101001101000111000110010110011010100100010001000001111
6706	1010010010011111010111000000000100100011100001110100011010100011111011110000001111100101110011111001
2668	1011001010010001010101111100101000011000100001100011100000001100000011101010100000001100001100010011
6445	0111111100001000001101101100000100110001000011111101111100001010111100100000111110111100110100110100
6884	1100110100010101000010011011111011101100000011000001111011011010010001101000101111110001010111101101
4633	1000110111100010101110001010001010100111001001101001001000101101101001010111110100111010110101001001
4605	1111101111101110001111010011011010001101100110101010001010110000110111100110110110101011011101011001
4648	1100110011111000010101110101100100101111100001011000011110000000101101001101010011000001011011001011
5883	0100001010111110111101010110011001001110110100111101010111000000111001111110111001001100010011110010
4213	0001100010100100100011000110110001001111011100010110101011111000011111000000100101111101010010010001
2057	0011011011100101011100001011011101101010001001110001001001001001010100101011000000010000110011011000
878	0111111001001010011000100000010110101001001000100100111111100111111100010000011000110110000011011000
2487	1001001000000101100111010111110100100110100000110011101010100110010111111000010110000110001101000101
6637	0011001100110000110001011001100101011111000111101110000101110000100000001100111110011010110010011110
5767	0010010010010010111110001001010100001000011011000101010111100011101100110110100010111010010010100001
4341	1011011000000101111011111011111101110101000000111001101100111001100010011110000001110001110000100100
3206	0001111110101100110010110110101110111010101011011101001000111111011001001000101001111110111011110001
4426	1110101000010001011011000100100001001001000001011000001111100111011110101101001010101000111111101001
6784	0101011101111010111111010111011001011111011010101000111010011110011100100100111100011110000010111100
8805	0011000100001110100001001000010111011101110011001001101101000001111011000011010001010010001100000001
1218	0100010010001100011011100000001001101100110011110101010111111010100011010101110000100011001111110010
7690	0110011101010010110100000000000000000100010000110011111010011001001001101111100001011001111011000000
3006	0100000110101001011000111010111010101000111101000110100100100101010100001111001101011110100101100001
4398	0001001011001100110100111010010000000000100100000010101110011010011111101111101001011001000001101100
8099	1101100000100000110010111010110010111111011000000000100101001101001100100110101001110010100001101110
8531	0100011000101110000111011011100110001010100011000010011100010101110000101010101110100000111001011011
1976	1011001001000100100001011000110110011011111110000110111000000001010110010010001101111000000000001010
9323	0000110110000100100111110100011001111011011001101111010100010011110100000111101100110110001111010101
115	0101011010101101011011100011000001111000011000000110101011000100101010001110110101101100000001100101
1017	1111000111000101010111000000001100011100001110101000010110101001011100001011100110000101111101100000
4829	1000100100000011001010000011100101001001101111000100111001110011011000011011110011010110101101100010
1478	1111111110100010100011010100010111011110101000011010111101000100100000001100001100100111100010011010
3442	1000000101100100111001001100011101001000111001110011000100001101010101001100010110100010110101000110
3379	1111100001000010000111110010111001110000001111011010010011111001110010101111110110100100101111110010
3006	1000110010100100000101101000000010010000100100100000010010010101011100111010100110001011100010011010
910	0000011110001011011010110100110111110111001110100001111010000111111110000001101110001001110001010100
3626	1100100010101100001011100100100011111111110000110011101001111011100100000001000111110111101001001001
8330	1110000011001100010001010011011010111101001101110010010110011000100001000101010001000101111100011001
4337	0110100100010001110110111100110000110000000011110010101011100111010010101000111110001111101110001000
3878	0111000001101011101110100101000111010010011001110001100010010100111001101110100010100011011001101000
1157	1011000000000110011100001011001000000000000011011101011010101010100000101000101100111000001011010010
6931	1011011100110000001111011101110100110110000100111000001101011101011000010101101010010111110101111011
2226	0010010100001000100011010100001001000101001110010111100111011100010100011001111110001110001010101011
2240	0001100100100010000110011001100110011010001011111010111010111110011000011010100011111001111001100001
8637	1110110110110000110111010110100110000100011001101101010000101000100001100001011001100001110111001110
815	1001011011110011110111000000001110000011111011010000001000011011110111011011001110110001010001111101
2876	0010001001111000100100101001101100011010000001110110001010001000100001010100111100001001101110010000
5353	0101100000011111011010011010001010010011100100010100001110101011010000110000011011101010010100001100
3124	0111001100100111000001001100110011110110110001100000100001010111000010110100000100010110111011100101
8193	0011110011100101110110111110110110100011000000011001011101110100100100101011000001100111100101110011
1049	0010111010111110010010110100001101011101101101111010100100001100100001011110100101011101010001100101
4101	1110100110001110000101001110011011001100100011100011001000100111111110111000001101011001000011011111
2341	0010000000100110110011110100100001111111011110010101111011101110001111100010110011101011101111000011
8463	0110010001100000010001010010001011000001010100001010101111111010000000010001011100100110101111001010
2070	1000011110101101010000001111100110110010000011011000110011110111111101001000000010111111000110111010
2814	0110001100111110110110001000011101111000011101000101010111000011001001000110100101101110110110001010
8954	0011100011001010010101100100010010000100110000010100100101100001101101001101110101000101111001100110
2539	1010101010011000011100101000101000111101000000010000100110001100110100110100101100011100000111010011
4873	1000111101010011000110101110000010101111000010110000110100011111010000001110010000110111110010101100
3945	1110110010011110000000011100001011110101101001010100110100000010110101010011110010010111001000001111
