Size = 100 
Clusters = 147 
70	88	0
23	18	39
89	40	69
55	39	59
3	98	1
65	53	10
13	29	73
27	31	60
73	64	44
21	64	3
66	41	21
28	78	78
70	74	31
34	26	40
3	67	46
27	65	13
47	75	15
53	81	40
48	20	83
14	99	59
99	22	6
97	73	79
20	34	97
35	83	7
29	7	24
23	56	14
61	73	1
87	0	85
94	27	14
8	87	54
56	20	13
94	86	47
9	68	68
85	30	28
89	32	47
12	44	67
82	5	63
3	19	46
7	91	90
47	69	23
60	4	67
28	52	41
71	8	39
16	12	92
26	25	41
9	3	22
70	78	64
64	12	50
83	19	69
4	58	73
21	98	39
25	98	47
9	56	74
72	86	63
1	33	45
79	53	6
68	38	11
83	55	26
43	22	92
19	63	22
96	28	1
76	33	19
36	52	34
45	72	80
61	25	8
61	98	47
4	90	14
38	48	97
44	12	67
47	60	67
41	79	16
6	29	4
13	39	38
7	88	70
83	28	5
94	23	3
64	14	19
39	64	59
26	60	9
61	59	72
16	35	93
38	17	71
62	71	16
59	29	26
75	66	19
65	9	31
57	38	7
38	80	80
34	56	89
87	87	70
2	15	18
45	75	1
40	90	43
31	79	10
86	63	53
54	46	13
65	16	39
31	40	80
32	31	4
15	47	11
99	43	8
31	89	0
5700	1010011100001011001001011001011110010111001010010100101001001001111000011110011110001000000100111001
5462	0001110011100010101100001010010101000101011001010000110001101100010011011000110011101110101000010000
8203	0111010110111000000101001100011011110100010111101101101101010010010001100001010011110110001110110000
4141	1011000111101001010000001111101010101101010110100010101101111001101001100000011011011000001111111101
3477	0101101111011101111011110111000001110110001001100100011110110001110110100010010011110101110011110011
9851	0100000000101100000000110111010001000110111011100111001101110111111011001000011101111111110011010111
3133	0111001101111101100011100110100000100010111101101101001010110111100001010001010010011111111110001001
2420	0111001010111001000101001111010011001001000101011101000011010010011111100110010100110111111100010010
5416	0101011011111010011011000010001101101001000110010101011010011101110111100111000110101010011111101001
5779	1001011111001001010101100100001000100110100110110001011010111111101101100111010011100100110001000000
7755	1010000100100010010010110110111010001100111101100100011011010100111010001111000000011101010101100000
4397	1110010010111111010000011100001111000001011011010111110000111111010000101010101111101110010110011100
8617	1101101011111000111111111011011110110111010100101000100010011001011001000000101100010100010100101010
2844	0000101100100100111000100111101001010010111111010001100111111100110011000011100010001111000011010000
149	0011110110001000000111101000101000110101001000000111011010100101100110011000000000000110000001110000
7299	0100011000101111101111110101001100001111100100000011100111000101000011100000100000000101010100000001
912	0000001110110000010111000001010111111011110101001010011001000111101000101101001101100010110011000001
3085	0110110010010110101110101010101000000001001111100111110001011001111011000111110001010101100100010100
285	0001111001101100111101000101101010110010011111111000000101100110011100100111100111110010100010101000
7664	0000000010010001111000011001001000000101111100010000101100010001010100010111010110011111010111010100
5292	1101101011101010111111000100000010101011111110011000000000100110011001101001101000110110010001111110
2317	1110011111001001010101110100011000110000101110100110100111001110101100101101000110010110100000001110
6590	0000000101100111101001000111101111010110110101100001001101111010001110110111000010101111111010100110
3597	0011101101100111011010011110000000111010000001111111100101111100101111001000011101100000001100000000
3520	0111110001001010000000110000101011101011000110111011001111011101011000111110001110111100101110010010
3400	0000100100011100100100011110011011111000111001010000010010100001001101010000001001000001110101011100
1914	1100101100110000011001000111010010100010010000010001011110110000010001111001100010001100100010101100
107	0001110000101111001000001111100101011010000011000100000010011011001000100110111111111000111100110110
8114	0000001001111000000110011100100001011010111110001011001100101101110011011101101010001000000101010010
4816	0010010010111011011111100001110000110111001010101110101100110011010110101000001111001001110001101010
3108	0001000011011011000101001010100110010101100101000100001100111101100101110011111100010000001111001101
4610	1010100110011011110011011001010001001011001100110110101010010101111101111101000110100101101010000010
1088	1101010010110101111110101100110010100100111001000000010010110001111000001001001100110110111101101100
1824	0100011000000000010001011010001101000101110110101000100011000110011000000111011101100101101010000000
7359	1111001001111100101000110101110100000011001110100110101011010110101111010111100001101100100000001010
1289	1010010111111111001010001100010111110101100001101101101011110111000110001101011101100111001001011101
6341	0111010001001111101000111010110001110000100110100110100100011110010010011111101110001110111100001011
4470	1101100010100111010100111111000000000000000110011111111100010010110011100010010101001001001101100111
566	1100101010000101010101111101110110011000010010001001101010100001100001101010100101111110010010000101
6312	0110110010000001101110011100000100110011000111101010100000100010111000111110111111000111111000011001
6557	1011101011011111101011011011111011010111111000011010010101001101111111111001010111000101101110010100
6481	1000000010110111101101100110111001111100000100110101101011011100000001010010101100010101011000111010
5997	1010110000110011000110100011101100000101101110011010011000011100111111101101001110100011111111010110
618	1110000110001101110100111010100011100000110010011011111011100110010011010011100010111001010001001100
6869	1100001101111110101100010110101110001000111100000001001101001010101000111101001100011000110001000100
5496	1100101001111011101101111000000100010000010000000110011001011010101100100101100101001011000100101010
471	1111011011110110100001000101010101010111000101110111100110011111111101010110100001010100100110011100
1494	0101001001110110110101010000110010110110101000001000110111100110011000110110011010010001100011100101
7238	1110010101111000111101000101100110101011001100001000001011001010011001110101110101110000100111010110
5725	1000111111010001111011100111000110001010010101100010000000110101000111110101011000111001001111101100
7737	1111001010000010111011010100000010111100000110010101010001100111110000001100101011001000010000011101
9183	0100000000101100110000101100011110011010101101100110101010011110101111010101000000001010000101101101
1491	0001001011011111001111100101101101111000100000010011100110000101101000011100011101100011111011101110
4721	0001100001111100100101101000101000101100000110000100001101000001110101011001110110101111101111010101
7806	1100010001101110001001011101000000000111111110110111110110001100010001011001001011100110111110100000
2073	0000011011111010000001011001001111111100100110100111000110000010100000101011111110100001010010001010
5424	0100111110001100110011100101001110111011101011011001000010100000001000110101110010110101110000010101
9210	0000110110100111000010110101001010010111111101111100101011101100010101011110001001100111000101000111
2364	1110100000011001101000110101011111111010101111001100111110001110001111100010000111101001011011111111
7615	0111000000010000011110001001111111111010000101101100111011000011010011000111001100011100001101101000
2549	1101111110000010111000111011111011000011001111000110101100011010001100110101110001100000101010100001
578	0110001111011110100111011011000100101010011101010010111000111011001011110011101000001001100111101001
1350	1100010110111010111101011110000000000001011001000010100101100011000011001100101000100101100010011000
2051	1010100000110011010010100011111011101011111010000001101000110000000001000011010101001110100000110011
322	0101001110010110111001101111100001001110011100001110111010000001100111101110011010000011010111001111
6049	0100001100100111111011011101011111000010011110000101110001110111010111000100010001110110101101001011
6820	0101100010011101101011011010000111100010011010010101100001100100110111101011010110111100100000101011
6741	0011001000001000000100010100000000011110100100011110110000111010011110111001111101001111001000110110
9461	0000010111011110111011101110100110000000101010100100111101111001010111001001100111001011001001101001
1053	0011000110110110111000001001001101100001001000011010101010110010000000011010101000010111111011000001
7472	0001101001011110100000010101001011000010110010100100111010011110101111011100000001011100001110010000
775	0000011011001101111000110110101011111111111010111001001011101100010011100110100010111010000111011110
1321	0011000011010010101000011111111001111101101010101000010111000100000000101111001100001001111100011101
6848	0111100000100101111010011110011101010001000001100000011011010101101001000111000111100011001010010110
3361	1010011101001000010111010010001101000111100011001011001100111001000111111001110010000000100011110000
8096	1001010001100100100100000111101101011100001101100101000000100010101111000000011011011000110010011101
5953	1110001111100000111000110001110111011111000001010011100100011000110001010100000011010001001010001001
874	1010110001110110000000100000101100110001000001101111000011000010001110010110011000101101000101110100
1404	1000001100011000011001110011001000010000101110010111100000010110100100000011101000010110110101111011
7935	1001000111001101100101101001001001010010000000101011011010010111010100101001011000111011000011101100
6422	0110100011100001101000010101100010001111100101101110000000110000011111100000100101000010110010101101
1752	0001000001111111101010110101101010100011111001000010101011011101100110100001101100111000101001000010
5033	0011010111001111011101000010110010111101010011001001101011011011100100001110011110001111001010001001
6609	0011001100110000001111010011011011000111100110000011011010101111101111010001001100101100001000110101
1389	1000001110100011000100000110001111100101010101010110011111000100100001011110100101100010111010111011
5957	0111101001010001111011000100100100000000100001010001011100100110011000100111111101000011111011100110
6468	1010110100111010000000101110011110110011010011111110101111001011110010010111100101110011010011010000
2870	0010000000110111011100000010101000110000111000110010010110000101100110001011100001010111010100001011
9851	1111110001100000111110000010101111101111110000010000011001110000111010110000111110100111011001010101
3440	0101001100001101011111111111000111010010010000110011110100000000001011000010010111001001100101100111
2020	0010001001100101111111011110110000001110101100111011100100110010110111011100110000010111001101100110
1009	1001110000101111101101001111000010010000110010001100011011111111110001100101111101001101100110001001
2349	0010001011110101101000101101110100110101010101010001000111010111111011111100111110011001101111010101
2174	0111111100011010011111111010001111100001010111111010011010100110000000000010101111011001010100011101
8001	1011111100110111100110001101100101111011010101100101111011001011111000101111001010001110010111010010
1598	1000111001110101100100010111110000001010001000110011100100110100001101100011000101111011010110011111
2530	1111001111010010101000111000111001111101000111010111101011010000100000100011100100001011101110010000
1664	1101010111000100001001011011100111100010001101011001110100100010011101010100110101111100001101000000
5313	1010000111011111010011111011100101100000111010111100100010111011100011101010111010111111010100001111
1928	1111010010000011010011110011001100001110100000100101111101010001010110111110000001100001000101111101
4923	0010010110110101001001010101101101101111001101101100101100010001110101110110100010001110101100000010
7991	0100110110110001001101001100100111010010101011101110011010110001001001011110001110110111101110011011
771	0101100000000010011110101010010000010111101100101101101011110111100001001101110110001001011000111001
1547	0101110010110111111110000101110001110010111001100111010101011001101011111101111000111110111111100001
2343	0100101011000000011000010001011001110110000000111110111010110000101000011111000010100100101111000110
5063	1110110001001011110100101010010100000100011010111100010001110110010010111110000110100111001110011100
9551	0000110000111011101000101101001001011011101111011111100010110101101011111100000011100011000110010110
503	1100011000111111001101100001111011111101111111001000111011110110001111111100010110011100001001010011
5559	0100010111110011000010011000101100001000000110001000100111110000011010001000001100001001001111011101
810	1011100000000110111110000100001001110110111000011111010000001001101111110001111001111001101001000101
2173	1001011110111110010111100010000010111110111000001110100111100110011011101001011000010110011000111001
1238	0111010000101001111010010001111100010010010001010011111001101011000011101101001111011110010110100000
8952	0010000100110100010010101001111101110011001001010110110001110010000111000110111111000010101000001011
4966	1101101000111111001111110111110111010010100001100101100110010011110101111001001100100011011010110010
1045	1101000011100001100000111110110100001110110111011010101101101111100001111101000000001001000001111010
5743	0110110111000000100100011011111000011001000010011111010100100011001011101001110101100111010001101100
6626	0100011101100110101110010010010111001101110111010000001111001000010000110000000100111110111100100001
8417	0101000101111010101111001000001100010101101011110001101101010001011111011000100101101100000100111001
9527	0100011011111110010000100010010011100001011111001011001001101000010001001110011000111111111101001100
1515	1100110001011001011100000101001111101100100011000100100110010001111001110000101111000100000110111011
7180	0110001100000100000101110101001000110011001010010001000011100101101011000001001000101010110101100010
3698	1110111011110000101011001110011001011011001010011101100001111110111110011100010001011000010111100011
6043	0110101100101100001011010011110101111111111111001111110100110010000011011001000011000110101101101101
4712	1100001011111111001011101111011010111000110111010101101000000100000010100011001001101000100111110110
4834	0101000100000011001101001010100010000010000001001001000000010110100111000111110101010101000100111101
747	1000000110110110101101100000011010101110100111011101100000010101001001101011000011111010101000000010
3163	0001110011111101100010100010000101101101011111010110111101100010111001101010111001000001111110010001
9579	1100010010000001000101101011110011011101000101100010000000000011011001011000110001100001000001011001
7865	1011001011010110101111010110010101100110001000101110101101100001111011110000100111110111000001100001
7206	1010101101011001100010001111111110110010001101001100101111011001001110000101101110000111100010111001
3551	0110001000101100110011100110010111111110111010111000110011100000111011101010100101100010000001101101
2555	0001000000110110110101100100010110010001000001110010011101111001111111110000111111010110010110110010
4993	0110101011010100000011110010010101111001101100111000110010001110111010011111101101100000011000000011
8910	0001000100110011101011010000100101000100110011011011101100010100001010001010001001100011111110100100
4680	0000001100101111110111101101010010000010001110001100000110000000111101010001100101001110110010010010
1179	1010001011001011001110011110111110011100110101000001110100101000111000000110101011110000011110010110
2204	1011011110101110001110100100110101011001000110101100100010101010001101110111101001011000100011101000
9855	0101111110010100110100010010111001011100111101010001100010011000101011001000100100100110000101110001
3489	1010001001010011100011001000111001000101110001100110110000001101001000001101111000000101011011001010
1320	1110111011010110100001100001100011110010001000111010011011000010100100111011001010111100101110010101
1710	1100011110101100011010010000011101001001101010100000110000001011101100001000011000011101101000100111
5759	1100001110110100000001111100111111001011010010001100001000111010010000101110011100110111011010001100
2066	1001001111100000100100110000011101111001000101001101000011011111111010011101000010110111010000111110
2211	1101010010000100000001110101111011010000111110110001011011000011110011000100100010111110011101001101
4645	1101100000001001001011111011010010011100011010001101010110001011111110001001001101111100000111011010
2478	0011011001100010010110000100111100011111011101101011000000000101000001010011100011001110001100000000
8326	0111100110111011000100101011110101010110010100110101000011010001011010011101001111010000010001000001
