Size = 100 
Clusters = 160 
33	98	0
1	76	53
81	92	67
83	56	62
40	73	67
97	81	92
3	86	44
58	53	48
48	24	44
46	36	58
57	73	95
18	89	74
86	64	44
73	42	40
16	58	5
44	43	79
96	90	44
71	52	86
32	12	20
2	62	45
64	29	47
62	66	36
81	60	7
78	12	58
99	59	50
9	55	45
82	8	7
88	3	23
19	21	47
1	46	48
73	97	98
39	50	32
0	22	8
53	27	75
8	83	53
98	74	63
92	63	73
13	80	97
14	98	80
78	53	48
41	67	97
87	66	67
89	54	93
55	87	92
42	14	89
65	7	41
58	43	73
73	87	64
87	47	70
92	78	98
58	67	90
68	29	64
61	9	85
41	38	5
49	28	68
89	42	28
20	91	60
61	70	66
76	17	39
94	64	86
87	54	39
51	81	57
23	88	5
61	83	74
87	24	2
71	21	18
67	16	77
89	83	34
57	58	37
2	70	57
96	96	59
14	67	25
94	29	42
20	12	47
51	40	18
17	1	95
0	49	58
69	76	57
59	98	74
70	47	17
1	70	11
18	87	43
37	45	78
97	30	74
50	0	52
82	67	11
48	81	9
27	22	20
86	70	26
25	35	47
16	14	43
74	98	75
33	5	18
97	77	9
11	58	27
59	60	65
92	94	95
32	83	35
11	64	87
87	87	57
5	92	6
49	66	0
7573	0111001100111010001110010110101000010011101111011100000010000010010001011100000010110000000010111010
6945	0110010010001100000111101000000100110101001100111100100110111010011101010011001110111001111000110111
9966	1101001001000110011110001011110000010111001010010100000100100111000010010111010111011010111000000011
9356	0000010001001000000000000100110000110110111000011000010101010010100110010000101110001010010001110101
3909	0011101111100000111110111000010110000101000101010010111101010011011000010111000100010100101011100110
5614	0100111001001010100000000110010101101100010111110001011000110000111111000011111011100110100000101000
5088	1000111100001000111101111100001100101100011001100100100011110000100000001101000110000000111011000101
4655	0001001101001111110110011101101101110011000100010011001110000111100001010100011010001011000100001001
4551	0100000000011010111011111111001010111001001101011010101001001101000011011110110101110111111101000011
5369	0100000010000010100100000110110110000110101010000110111010001010111001101011111110010000110010000001
2193	0001101010001111001011110101000101110110011110010000011111111100111010100100001100100000111000100111
1538	1110111101111001101101001101110100111000100101001110011110011000010011000100101110110100010010111101
2713	1110010001010010110011010111101010100000101011010100110111000100010100000010010000101011001111110110
3778	0100111001011110111010101000111011000001010100111111010000001000100100010000010011011110111101110101
4952	1011001000110111101001101101111011111000001111100011110011111111010111110000101010000011100000001010
6891	1101111100101001110010111011110000000100101010000010000010001111001101101001011000110011011000011011
6574	0011011010110010000000110000001010011011000011100010101000010001111111111010100110011000001011010110
1379	0100100010010101011110011100011101100101010011111001101001101100110010010011100011000100010100110110
3678	0010101011000001001001100011010010111110110000111000000101011010110111101001111101011101010100101000
1823	0010100001101011010010001011000110110100111000100000110111111110011101111110110110101001010101000101
9480	1110110010111010011111110100101111111111110010111011111100101010111110111001111110010111010110010111
2089	0001010110001110101000100000010011100000001110001100111110010101010000010100100010001111101101000000
5716	0011101011100111010111011001101111111100011111101111011011011111111010000101011000000100111010001100
5411	1000111101011010010100101101111100101100101110111011001010011110011001101101110010101010100111000010
5832	1111110111000110011111101100000001001011100001101100001001000101011011110101001011111001011101100111
2287	1010111101010011001010011010101101011001001110000001001110011010100101100001011000111110010100011101
3461	0001010010101100011010100110110011111010100010110111010000111011111011010001100010000001011111110000
9970	1110101000110001000111010011100000110111001001110101010110000111011000010001000011000100100010001101
6178	0001000110110100010100010101100100001010000011000010110010101110101111100011000100101101110110000101
9835	1010101011011001000101101000110001010100010010011000001010010101000111000111101110110001011111010000
5098	1000010000011101001011010001101101011110110111001001101011010100010111001111101100010100011011000010
8159	0010111110001000000000010101100110100001111000001101001001000010111101100110001111100001111010111110
5587	0000111110000110010011000001001011110100011101110010010001100011111010000001100110110100001100001111
7773	0101001001111000010100011001001110000101101001100000110111110000011111011110000110010111110110101111
956	0111101111010000010010111110011100000010111110111011010001001001000010111000100011000010011000101101
156	1010100111001010101001111011001011011011010111011100111101110011110111000011011110100100101111001101
9878	1011101000011111101111001001011010110001011010111111111011110110000110110111001001000111101111100101
2869	0011001010000110111110011110001101000110100000000100110010001100111100111000011000111001001001111111
7631	0111111011101011001001111111101110101011011000011110010101101001011010001111101011000100110110010000
140	0110011010001101011001101010001000010100111100011101001010111111011000010111110001010011001000000100
7797	0000101111001100110110101101010101100011011000011101101010001111011101000011001010101010101011010011
8420	1100011101000101011000100101000101001110001011100010110100011110000100100010000001110101111110001000
6140	0100001010001110010001100110011011011010000001010000101000100010011010110100011011001011110100011001
8614	1011100011011110100110000100011001110101100000101011101101101100100101110110100001010000110011110110
9261	0000011000001010011001111000011111100001110110101001101011101110000110101110111001100111100110011001
7285	1111000100011110101111000001001010010101111110011101100000111001110100011101010100011001100001100010
4143	0110101001000100000001001100101111000101110100100111011100011001010111010001110011000101000101010101
442	0110110111100011010001001101101101100111111000000000101000010011010111101101011011001100111101000010
1428	0110000101011110000011011001010000010010011011110100100011111111100001001101110011101101000010111011
6412	0111001110010100000011001010110110000101100001001001110100100110000010000011100011000110110011100011
3842	0011000101011001001111111110110001010011111110110110010100110001110000001000001111101010001110101011
4504	0000010111101100010000111000101110101001110011100000010100000011111011101110100011111011011010110110
7519	1001000001011000001101110000100100000010111001110101001111110110010010010000010111111010011010110100
991	1110001110100111100001011110011001000011100100000101100011111100010001101100011000000011100011101110
3624	0011110111010010010011001110101011010010000000000101100000101100111010110110110110000111110100101110
8671	0110111111101110111110000101000001100010001100101101001000111001110000000011100111110000011000100011
5950	0000110100101101110001001011110001001110010100111011011100000001001110011100001010000110011111111100
6724	1000000111000000111000001101100111100011101011111001011010000010010010001110110001001110110011001100
3199	1001101111110010110010010010011111000110000011000001110000110000100101101101000001010111011101111111
9587	0101110001001101010000011100101101001011010010011000110111111011010001101011000101101000000101011110
8747	0000111110100101010110110101000100010011100000010101010001101011110011000101000010001010101110000101
8970	0001010000001000101111100011000101010100100110101010001011111010010000111101100001101010000011000101
3663	0010100110011000110110010101111000101010010110101000011010001100110100011000010010011100110101101110
1234	0000111000011111000001010001011011111001111011001010111000111110100010001110111111101101001001000100
4003	0010110011101110001001011110101010000001011110100010010001110110010011110110011000011111100111111000
1548	0010001010101001101000100011001011010001101001000110101010111001000000000101111101001000011001010100
7368	0111000001110010100000001101011110001100110010110100100100111100100001110100101101001000000110011101
2376	0000001001110010011010010100101111000010101011100011010110011011001000101101000100000010010001110101
9043	0101000010001000011000001110001001100010011111010010010101101000001111001100101000110100101011101001
4115	1000011111100111011110100001101000011011000100110000000101110000011111011000111111110100111100011110
7739	0011001011001010111010101011111100101111110000000100100010011000110011101011111000000110011010001111
3201	0001001101000000101110011001111111000100100100100001100011100010111101101011101000110010100110111110
7542	0000001110101110111000100010111010011000100011100000110110000010100010000000101110101011111101110010
9676	1000010010011001100000010110011000011111010100011010010111011011001000110000111000100100011100111100
7334	0101111100001010101111010111110110001001101000101010000101101001100100000000101010101001101111010011
7071	0111011111111000001010101111100100111001101101011101001110111000100110111001100000011100000010011000
2157	1111010011101100101110011010100000111001110000000011001100011000000101010100011100100011011100110001
681	1000010010100001101001101110110111011111000010011010010000111101110100010100111111000101101110101011
2149	1000100001110010011101111100011111000101001001000000100011011011111001001110110110000111110011100110
1708	0000010111001110010010011011010100101010001010100111100001101101001111001011111001100111000100101110
4240	0001111011111110101000001101001011010010111011000101111111111100000001101111110000000111100110110000
9115	0010100101111111011000011101001111001010100001110001011101101000110000100000100000110010111010100100
9190	0001011001010110001010000100011110110010000010111011101010110110100001101111101101110110101101000011
9745	1100011010011100000010111011000001001001101011001100010101111011100101000011110011001011011101001101
2180	1100111001111000011110100101001100001111110001001111000001101001111010101000011100101100010100011000
2240	1001100011000111001010100000111100101100101101000100110000001101001100101111111111001010000101101010
3198	1110111010101111101111001110011100011100001000010000000010100100010000100001110010011011010100001001
1543	0100100111001111011011010011100011011111100000101100110000010111100000100001100101001010000111010100
4589	0101100110011111010000111101010100001001011110011101011000011101111001010011110100010111100111011110
9129	1000101100000010100110011000111001011101101101010110101101001100001000101001110111011010111101001101
2298	1101101010111010101010101101100010001111001100010111111110011001001101010100001111100100101000010011
7790	0110101111101010100101011111100110001011001010101000001011010000110100001010010000110010101110111010
2917	1010000111010110011000100100001011000000101000000111000010000100111000011010110111101011010011101000
1631	0001111100011001101111011000110001111001101111000110011000101001110111010101000011010001110001000111
1241	0010010011111001110001000010011011100111100101100111011011000100010110111011110010000001000011101111
9516	1110000010111111000011011010111000000100110000111011010100100101101000100110101100010100011011100111
957	1001101111100001000100101110101001000011001100000101101110010011011100100011011001000010110100110011
5510	0110010000010101010011101101001101000100001011001000100010111101101101100110010001001100011001110110
6455	1011111011010010000110000100100000010100010000000100100000101011100110011010110011000101100111010101
904	1100000101000010111011011001100101010110000011101110011100111011011111011110100000110111101100111011
9843	1011100010111011000011111000000011010110010011101001101011000000001001111001100110100111111010000010
7106	1011010010001011111101000011100000000001011111100011110011011001010000111001110110001010000100111000
2668	0100010011110101111011010111110101011100110001010110010000111011111010101001010000111111010100000100
3767	0100101000010100111000001001000001101011110111001000000010001000010111011011011011100000010101000011
9044	0000010011001111011010010110011110010101010011001010110111100010000100110001111111010001100111110000
184	0010011100011011011101011100100101001100111000010110010101110001111100110000011111111100010011110100
5926	0000000100111000101111000010111001011000001110001000101100111010000011010011000001101111001001010001
421	0001000101010000111010110100010111110101100011000000100111010100110101111000101000001011000110111101
9987	1011011110010111001001010011111101110110010100101100100110011001011110000010100101011001100111010110
4936	1011001011111000110100101101001100110010000010100110100011001110101110011011001111100101111101110011
4915	0011111111010011000010011011000101111100100011100110110001110011100111101100011110111100111010111001
4184	1011010111100110010110010010110010110011110000110010100001000010101111000001100011110011000110001011
5578	1011011111000110100000001000001110111011000010000100110011101100011011100101010110100101010011101110
9770	1011100100110111011000000100000100111100110101001110101001010111000001100010100001011101100010000000
7123	1100101010011111011100010011011100001001100111010100111100010101010001100101111001101010111000001010
4033	1010111100100011000100000001101100100000100000011100000111011001101010001100100011110001100000110110
1456	1110100010110000101101011001000101100001100110000011010100000000100100010010001001111110110100001110
9285	1000000110110111010010001011110100101101110010000111101000110101101011000110010101101000000011110101
1725	0100010111111111100111100000110100000110101110001011101111111010111110001110001111110111001110100100
3748	0001100110100100000111000001110010011011011001011110010101100000001000010101110101011010000110011100
3052	1110111001111101110100110100110101001010110100000100000100110001000100011000100010000101100001010000
7207	0000010100011110011100011101001111111011110011000010011010001100001110111000010000110011010100111111
3601	0110011010011001110011100001101111100110100001110000001000110011100010101100110010000100001110011110
8842	1010111101110110000011011110100111100000101011000100001000011101100011011110100000111111101111100111
7048	1111110110110110110001101101010111000011000110001111110101010111010010010111010011111101101001011110
3634	1010010111110000000011101010100111001011001010010001001000000001010100010111011010111011010101000101
189	1110000001000101001010010100110011100101100001011100010001011011101001111111111011010011010101101011
5444	1010000100010001110111111101110011101101010001001010111010000000011010011001111010011100010111011011
8377	1100010110100000110111101011110100000101101000000011010100000110010011100101001000101011010101110111
1283	0000110010100101001001100011001101101011101110100000110010101111001010110001011110101110111010000111
8532	1000001001000101101001001000011111101010100010100001101010101010101101111000010111111100011100001011
6594	1000111011111001100101001110110000100110101101101101101110011110110100010111011101111111010010101111
2590	0110110111011011010111011011001110101001000110011011000001000000111111110000101111010110000101111000
3752	1011001101100011011001110010001000001110010001010101000000101100110010000000110011000110011100100001
5275	0100100011100000000101011000110101100110111110100101011101101000100110011110111001001010110000011000
4116	1100011111110111000011010011111101101101111101011001000010001011110100000010100011000101000101100010
1350	0111101001100011110001001101000010101000101011000010100010110011111010101010111000000111101001010000
4306	0110100010001001111111001011110100111011100001101000101010001010001011110101000010110100000000000100
5749	0110111011010000110001111000101000111101110001010010000000011000100011100111110010111001110101101011
2609	0100000101011101110010100011111011010010010100101011011111010111000110011111110000001100000010111010
4278	0100010111011011101111001010000111100001010110111001000001011101110000001111111111010000010000011000
9016	0111100010001111101111100100101000001100100111010010001110101010101001011110011000010010110000000010
5681	0011111110010000000001100110000111110010011000110101100011000101010111111011000100101011010011101110
9254	1010001001010110110100001101000010010001101111001100101111111001011111011001111101101101110001001100
5962	0100010110000100011010101100011001001010001100000110111111000100100011001011010010111100000100100100
4735	0001110001110001010110010110000111010010100111110110100111100101110000001011011011011100011001101011
4257	1010111101101010100111011000001110001011111101100001011111111010010101100101100010011011111010010010
8128	1111011001001111110101000010100101101000100010000001111011001000000000111001100010001110100101001010
748	1010001001111000001000111000110101001010101000100110111001110000101101110001100101010010000010101100
2503	1111011010001010001001001001100100101101100011100100101011101001101000101001010010110110001011001101
9326	0010001001000010001001111001111110010001100001001111100001001011011000111011101001000101100011000001
1197	1011010111010110111110010000111100110010010011100011000111000101011100010111100010000111101010001000
5363	0100011110000111011111111101101100001001110011000010110101111111111110000111011011110100111010011010
4742	1001100000110001000011101100000101011100110110000011100100101110010000000000011001110010001110010001
7466	1000110100111100101000011000010111000001100010100011011100110010101101101010010111001101001001111010
1903	1010111101000111010000011011011001000000001100001011011011110001001111101000011010000111111100011010
5837	0001001100010011000111000110000011011101000100011010100011110111010010010101111101111000000011001011
3258	0011111101110100010000110011011110010001001101111010110011001011110110001111011001101111101110000110
5702	1111100110000110011100111010111000100010101010001101001101111100110111001001100101000000101010111001
1042	0000101001000010001111100111100101010011011100100001010101111101000011000000011000010000100010010000
